2.00 2.10   13.913925    0.041667    0.047487    0.072759    0.083333   -0.565598   -0.087538    0.125000   -0.044779   -0.054434    0.166667    0.019295    0.017212    0.208333    0.072544   -0.134636    0.250000   -0.007554    0.005139
2.01 2.11   13.908075    0.041667    0.086389    0.021038    0.083333   -0.533729   -0.056203    0.125000   -0.061014   -0.045471    0.166667    0.022355   -0.006404    0.208333    0.095584   -0.106974    0.250000   -0.035983    0.016361
2.02 2.12   13.902133    0.041667    0.117727   -0.030835    0.083333   -0.499089   -0.028261    0.125000   -0.079117   -0.037714    0.166667    0.029401   -0.032697    0.208333    0.121161   -0.080354    0.250000   -0.065262    0.023893
2.03 2.13   13.896098    0.041667    0.139224   -0.068548    0.083333   -0.476366   -0.012024    0.125000   -0.081301   -0.031353    0.166667    0.031580   -0.041352    0.208333    0.130399   -0.057274    0.250000   -0.075643    0.028932
2.04 2.14   13.889970    0.041667    0.162401   -0.097589    0.083333   -0.454166    0.004732    0.125000   -0.081670   -0.026211    0.166667    0.035875   -0.048427    0.208333    0.133765   -0.044607    0.250000   -0.078559    0.024618
2.05 2.15   13.883747    0.041667    0.176336   -0.121206    0.083333   -0.434028    0.020303    0.125000   -0.082511   -0.016234    0.166667    0.038939   -0.045149    0.208333    0.128050   -0.032062    0.250000   -0.076118    0.020734
2.06 2.16   13.877428    0.041667    0.195280   -0.136214    0.083333   -0.424479    0.030204    0.125000   -0.081178   -0.013150    0.166667    0.041544   -0.044643    0.208333    0.118063   -0.022160    0.250000   -0.071528    0.011015
2.07 2.17   13.871010    0.041667    0.205987   -0.146758    0.083333   -0.416027    0.035239    0.125000   -0.078766   -0.007836    0.166667    0.042231   -0.039544    0.208333    0.115017   -0.014540    0.250000   -0.071468    0.000466
2.08 2.18   13.864493    0.041667    0.219826   -0.158669    0.083333   -0.411587    0.041211    0.125000   -0.073278   -0.007918    0.166667    0.041315   -0.031994    0.208333    0.110627   -0.006214    0.250000   -0.077012   -0.006034
2.09 2.19   13.857876    0.041667    0.228658   -0.167663    0.083333   -0.406874    0.045273    0.125000   -0.069518   -0.005912    0.166667    0.040912   -0.024385    0.208333    0.101789   -0.000864    0.250000   -0.080952   -0.013710
2.10 2.20   13.851157    0.041667    0.237368   -0.176140    0.083333   -0.406129    0.050592    0.125000   -0.060815   -0.005071    0.166667    0.035331   -0.020535    0.208333    0.092220    0.006392    0.250000   -0.083642   -0.019272
2.11 2.21   13.844334    0.041667    0.233829   -0.166327    0.083333   -0.414348    0.038020    0.125000   -0.034556   -0.004648    0.166667    0.017917    0.004388    0.208333    0.072214   -0.009267    0.250000   -0.065779   -0.030459
2.12 2.22   13.837406    0.041667    0.231602   -0.155408    0.083333   -0.419497    0.026293    0.125000   -0.006478   -0.006141    0.166667   -0.001192    0.029663    0.208333    0.050413   -0.024540    0.250000   -0.045284   -0.036324
2.13 2.23   13.830371    0.041667    0.236773   -0.151666    0.083333   -0.418670    0.020608    0.125000    0.006353   -0.005975    0.166667   -0.016675    0.044068    0.208333    0.038794   -0.036575    0.250000   -0.036495   -0.039720
2.14 2.24   13.823229    0.041667    0.242266   -0.156735    0.083333   -0.419740    0.015247    0.125000    0.018457   -0.002876    0.166667   -0.032676    0.055565    0.208333    0.029110   -0.038342    0.250000   -0.035389   -0.036626
2.15 2.25   13.815977    0.041667    0.248910   -0.163594    0.083333   -0.416791    0.010997    0.125000    0.026313   -0.003329    0.166667   -0.046083    0.063036    0.208333    0.027553   -0.045826    0.250000   -0.036521   -0.031491
2.16 2.26   13.808615    0.041667    0.249559   -0.172071    0.083333   -0.406091    0.015776    0.125000    0.028535    0.000454    0.166667   -0.060152    0.069853    0.208333    0.027516   -0.050180    0.250000   -0.040056   -0.021896
2.17 2.27   13.801139    0.041667    0.253271   -0.181816    0.083333   -0.395021    0.020054    0.125000    0.031165    0.000795    0.166667   -0.069850    0.071080    0.208333    0.023190   -0.052325    0.250000   -0.040011   -0.014369
2.18 2.28   13.793550    0.041667    0.253068   -0.190131    0.083333   -0.384452    0.026903    0.125000    0.032898    0.005497    0.166667   -0.078846    0.070648    0.208333    0.020126   -0.056904    0.250000   -0.036244   -0.008176
2.19 2.29   13.785845    0.041667    0.257421   -0.197918    0.083333   -0.376936    0.033191    0.125000    0.034225    0.006535    0.166667   -0.088470    0.070406    0.208333    0.019025   -0.062294    0.250000   -0.026416   -0.004534
2.20 2.30   13.778023    0.041667    0.259498   -0.205185    0.083333   -0.369728    0.035019    0.125000    0.032883    0.004585    0.166667   -0.093672    0.069512    0.208333    0.013943   -0.068871    0.250000   -0.017341   -0.002695
2.21 2.31   13.770082    0.041667    0.266578   -0.210109    0.083333   -0.366274    0.032560    0.125000    0.035154   -0.003359    0.166667   -0.096133    0.067288    0.208333    0.004330   -0.069309    0.250000   -0.009717   -0.000812
2.22 2.32   13.762021    0.041667    0.273546   -0.213692    0.083333   -0.363661    0.029301    0.125000    0.040276   -0.006816    0.166667   -0.096766    0.065727    0.208333   -0.002676   -0.070254    0.250000   -0.007151   -0.002394
2.23 2.33   13.753838    0.041667    0.275491   -0.214908    0.083333   -0.359549    0.029975    0.125000    0.044664   -0.009230    0.166667   -0.101294    0.062458    0.208333   -0.005739   -0.068283    0.250000   -0.004942   -0.001547
2.24 2.34   13.745531    0.041667    0.275075   -0.211975    0.083333   -0.357399    0.029952    0.125000    0.048155   -0.011174    0.166667   -0.103935    0.060972    0.208333   -0.005690   -0.069309    0.250000   -0.002532   -0.004214
2.25 2.35   13.737098    0.041667    0.275437   -0.209440    0.083333   -0.352563    0.031965    0.125000    0.053842   -0.014117    0.166667   -0.109179    0.057398    0.208333   -0.006605   -0.063087    0.250000   -0.001245   -0.005550
2.26 2.36   13.728539    0.041667    0.281265   -0.208796    0.083333   -0.347963    0.028694    0.125000    0.059205   -0.018700    0.166667   -0.112267    0.053698    0.208333   -0.007645   -0.059542    0.250000   -0.001488   -0.008926
2.27 2.37   13.719851    0.041667    0.286771   -0.206273    0.083333   -0.344461    0.026503    0.125000    0.062925   -0.021587    0.166667   -0.116571    0.051857    0.208333   -0.008525   -0.058879    0.250000   -0.004150   -0.009221
2.28 2.38   13.711032    0.041667    0.289849   -0.203773    0.083333   -0.340896    0.021601    0.125000    0.065968   -0.026167    0.166667   -0.120694    0.053687    0.208333   -0.010294   -0.056842    0.250000   -0.010553   -0.012394
2.29 2.39   13.702081    0.041667    0.291735   -0.202360    0.083333   -0.336609    0.015728    0.125000    0.068393   -0.028766    0.166667   -0.123692    0.054029    0.208333   -0.010953   -0.053796    0.250000   -0.020942   -0.010588
2.30 2.40   13.692997    0.041667    0.291396   -0.199102    0.083333   -0.330807    0.013729    0.125000    0.069158   -0.027342    0.166667   -0.126322    0.054041    0.208333   -0.013837   -0.048109    0.250000   -0.028457   -0.006283
2.31 2.41   13.683776    0.041667    0.287954   -0.193894    0.083333   -0.325861    0.011107    0.125000    0.068493   -0.024859    0.166667   -0.126440    0.052779    0.208333   -0.011990   -0.045703    0.250000   -0.033081   -0.004084
2.32 2.42   13.674418    0.041667    0.280591   -0.188516    0.083333   -0.320184    0.008274    0.125000    0.066676   -0.025320    0.166667   -0.128540    0.053049    0.208333   -0.013135   -0.044885    0.250000   -0.035439   -0.000447
2.33 2.43   13.664921    0.041667    0.274784   -0.187565    0.083333   -0.315844    0.005131    0.125000    0.063934   -0.027261    0.166667   -0.128552    0.052039    0.208333   -0.017631   -0.043357    0.250000   -0.037194    0.003833
2.34 2.44   13.655283    0.041667    0.273948   -0.187983    0.083333   -0.311624    0.001380    0.125000    0.062077   -0.028781    0.166667   -0.130358    0.050716    0.208333   -0.019967   -0.044431    0.250000   -0.040553    0.007258
2.35 2.45   13.645502    0.041667    0.273912   -0.189204    0.083333   -0.308736   -0.006040    0.125000    0.058608   -0.028846    0.166667   -0.130124    0.047804    0.208333   -0.022044   -0.049637    0.250000   -0.044916    0.009807
2.36 2.46   13.635576    0.041667    0.271939   -0.189643    0.083333   -0.309210   -0.011079    0.125000    0.059554   -0.028910    0.166667   -0.130888    0.043581    0.208333   -0.025372   -0.053681    0.250000   -0.048423    0.010319
2.37 2.47   13.625504    0.041667    0.271999   -0.188739    0.083333   -0.307689   -0.012544    0.125000    0.064465   -0.030315    0.166667   -0.129091    0.038778    0.208333   -0.026761   -0.058559    0.250000   -0.051237    0.009832
2.38 2.48   13.615283    0.041667    0.273429   -0.186766    0.083333   -0.303125   -0.012757    0.125000    0.068567   -0.033928    0.166667   -0.124982    0.032619    0.208333   -0.028413   -0.063220    0.250000   -0.048228    0.008125
2.39 2.49   13.604912    0.041667    0.277188   -0.184290    0.083333   -0.300667   -0.013729    0.125000    0.073303   -0.037762    0.166667   -0.121719    0.025623    0.208333   -0.031034   -0.065825    0.250000   -0.042171    0.005207
2.40 2.50   13.594388    0.041667    0.284600   -0.181813    0.083333   -0.300479   -0.017320    0.125000    0.080156   -0.041873    0.166667   -0.119803    0.019884    0.208333   -0.028595   -0.070142    0.250000   -0.038943    0.002772
2.41 2.51   13.583711    0.041667    0.289079   -0.181643    0.083333   -0.298361   -0.019203    0.125000    0.084549   -0.042883    0.166667   -0.120700    0.014303    0.208333   -0.026609   -0.070777    0.250000   -0.038692    0.004666
2.42 2.52   13.572878    0.041667    0.294673   -0.179345    0.083333   -0.301153   -0.021823    0.125000    0.088373   -0.040391    0.166667   -0.123182    0.007542    0.208333   -0.022921   -0.069178    0.250000   -0.036752    0.004618
2.43 2.53   13.561886    0.041667    0.303175   -0.174695    0.083333   -0.301854   -0.025989    0.125000    0.093738   -0.036487    0.166667   -0.123345    0.001843    0.208333   -0.018999   -0.068418    0.250000   -0.038089    0.005250
2.44 2.54   13.550735    0.041667    0.308421   -0.169795    0.083333   -0.299592   -0.031383    0.125000    0.096768   -0.033192    0.166667   -0.123427   -0.005635    0.208333   -0.020958   -0.067171    0.250000   -0.038095    0.007870
2.45 2.55   13.539422    0.041667    0.313822   -0.161695    0.083333   -0.297854   -0.033842    0.125000    0.099789   -0.031811    0.166667   -0.121627   -0.010510    0.208333   -0.021885   -0.066197    0.250000   -0.034206    0.009866
2.46 2.56   13.527945    0.041667    0.319533   -0.154409    0.083333   -0.294406   -0.035721    0.125000    0.099131   -0.029227    0.166667   -0.116466   -0.012484    0.208333   -0.020032   -0.065494    0.250000   -0.026923    0.015398
2.47 2.57   13.516302    0.041667    0.322123   -0.147869    0.083333   -0.292346   -0.039961    0.125000    0.096419   -0.026365    0.166667   -0.113444   -0.014094    0.208333   -0.017655   -0.060505    0.250000   -0.020329    0.020121
2.48 2.58   13.504492    0.041667    0.327655   -0.142304    0.083333   -0.291725   -0.043394    0.125000    0.094450   -0.020202    0.166667   -0.112286   -0.015526    0.208333   -0.014507   -0.057602    0.250000   -0.019599    0.024744
2.49 2.59   13.492511    0.041667    0.331193   -0.137792    0.083333   -0.287957   -0.045399    0.125000    0.094829   -0.012537    0.166667   -0.110437   -0.016347    0.208333   -0.010259   -0.054490    0.250000   -0.021397    0.028565
2.50 2.60   13.480359    0.041667    0.330331   -0.134156    0.083333   -0.282847   -0.047306    0.125000    0.090564   -0.008049    0.166667   -0.109571   -0.018187    0.208333   -0.006870   -0.054329    0.250000   -0.022708    0.031377
2.51 2.61   13.468033    0.041667    0.333005   -0.130955    0.083333   -0.279336   -0.050568    0.125000    0.089210   -0.003290    0.166667   -0.106078   -0.020226    0.208333   -0.006398   -0.057240    0.250000   -0.026928    0.031738
2.52 2.62   13.455531    0.041667    0.336410   -0.128447    0.083333   -0.275787   -0.052665    0.125000    0.088874    0.001147    0.166667   -0.099215   -0.022705    0.208333   -0.006095   -0.060430    0.250000   -0.032757    0.035493
2.53 2.63   13.442851    0.041667    0.337937   -0.125110    0.083333   -0.273060   -0.052676    0.125000    0.086354    0.003620    0.166667   -0.095783   -0.023875    0.208333   -0.005395   -0.063337    0.250000   -0.034598    0.038320
2.54 2.64   13.429991    0.041667    0.338413   -0.122798    0.083333   -0.271206   -0.049116    0.125000    0.084452    0.004879    0.166667   -0.091986   -0.024525    0.208333   -0.003266   -0.065308    0.250000   -0.035151    0.039708
2.55 2.65   13.416949    0.041667    0.338075   -0.121729    0.083333   -0.269222   -0.050980    0.125000    0.083471    0.008137    0.166667   -0.088248   -0.026326    0.208333   -0.003448   -0.062096    0.250000   -0.038022    0.039460
2.56 2.66   13.403723    0.041667    0.337856   -0.119559    0.083333   -0.268189   -0.052930    0.125000    0.084596    0.012860    0.166667   -0.086008   -0.030139    0.208333   -0.005093   -0.059353    0.250000   -0.041625    0.039399
2.57 2.67   13.390311    0.041667    0.338376   -0.116646    0.083333   -0.267449   -0.055273    0.125000    0.083106    0.018994    0.166667   -0.084436   -0.033768    0.208333   -0.008449   -0.059470    0.250000   -0.044727    0.042435
2.58 2.68   13.376710    0.041667    0.335954   -0.113976    0.083333   -0.266765   -0.056207    0.125000    0.081116    0.023782    0.166667   -0.081388   -0.038777    0.208333   -0.012307   -0.059520    0.250000   -0.044334    0.046717
2.59 2.69   13.362920    0.041667    0.330971   -0.109651    0.083333   -0.266098   -0.056367    0.125000    0.076515    0.027414    0.166667   -0.079837   -0.041332    0.208333   -0.018325   -0.061591    0.250000   -0.045556    0.050458
2.60 2.70   13.348936    0.041667    0.328429   -0.105202    0.083333   -0.267463   -0.057931    0.125000    0.074967    0.033608    0.166667   -0.077068   -0.043557    0.208333   -0.022732   -0.060086    0.250000   -0.046638    0.051732
2.61 2.71   13.334758    0.041667    0.325874   -0.101466    0.083333   -0.268604   -0.057050    0.125000    0.073029    0.037124    0.166667   -0.074782   -0.044215    0.208333   -0.025860   -0.056840    0.250000   -0.043836    0.052831
2.62 2.72   13.320383    0.041667    0.322056   -0.100723    0.083333   -0.266838   -0.057834    0.125000    0.069414    0.037366    0.166667   -0.075297   -0.044129    0.208333   -0.027790   -0.052799    0.250000   -0.040896    0.053766
2.63 2.73   13.305810    0.041667    0.319200   -0.099658    0.083333   -0.265079   -0.061277    0.125000    0.067221    0.040556    0.166667   -0.073916   -0.046875    0.208333   -0.031555   -0.048374    0.250000   -0.037547    0.053877
2.64 2.74   13.291035    0.041667    0.319269   -0.098405    0.083333   -0.263248   -0.064770    0.125000    0.066013    0.044956    0.166667   -0.071180   -0.048857    0.208333   -0.035654   -0.045028    0.250000   -0.034038    0.053129
2.65 2.75   13.276057    0.041667    0.320566   -0.098929    0.083333   -0.263638   -0.066085    0.125000    0.065580    0.047874    0.166667   -0.070993   -0.051301    0.208333   -0.036987   -0.044144    0.250000   -0.032261    0.053615
2.66 2.76   13.260875    0.041667    0.318734   -0.097945    0.083333   -0.261941   -0.066208    0.125000    0.061669    0.050479    0.166667   -0.070841   -0.052303    0.208333   -0.038458   -0.044550    0.250000   -0.031734    0.054248
2.67 2.77   13.245484    0.041667    0.317477   -0.096286    0.083333   -0.259890   -0.064799    0.125000    0.059338    0.053824    0.166667   -0.069996   -0.053741    0.208333   -0.039491   -0.044660    0.250000   -0.032626    0.054114
2.68 2.78   13.229885    0.041667    0.318184   -0.093718    0.083333   -0.259386   -0.065674    0.125000    0.059569    0.058048    0.166667   -0.068401   -0.053624    0.208333   -0.038552   -0.043817    0.250000   -0.033753    0.053491
2.69 2.79   13.214073    0.041667    0.319186   -0.092847    0.083333   -0.258339   -0.067819    0.125000    0.060032    0.059892    0.166667   -0.064837   -0.056177    0.208333   -0.039336   -0.041363    0.250000   -0.032866    0.054356
2.70 2.80   13.198048    0.041667    0.319580   -0.092641    0.083333   -0.253894   -0.069753    0.125000    0.060344    0.059111    0.166667   -0.061436   -0.057977    0.208333   -0.042333   -0.040930    0.250000   -0.031223    0.057123
2.71 2.81   13.181807    0.041667    0.317851   -0.092675    0.083333   -0.248655   -0.072909    0.125000    0.057914    0.058874    0.166667   -0.058434   -0.058423    0.208333   -0.043386   -0.040568    0.250000   -0.030361    0.058512
2.72 2.82   13.165349    0.041667    0.316125   -0.090164    0.083333   -0.245205   -0.072470    0.125000    0.054527    0.060107    0.166667   -0.053944   -0.058945    0.208333   -0.044240   -0.043823    0.250000   -0.030564    0.055965
2.73 2.83   13.148670    0.041667    0.311513   -0.088811    0.083333   -0.242101   -0.071231    0.125000    0.052199    0.058667    0.166667   -0.049089   -0.057737    0.208333   -0.042414   -0.047086    0.250000   -0.031672    0.053764
2.74 2.84   13.131768    0.041667    0.304567   -0.086058    0.083333   -0.239039   -0.071110    0.125000    0.047995    0.060212    0.166667   -0.045143   -0.056512    0.208333   -0.041184   -0.049340    0.250000   -0.032372    0.054434
2.75 2.85   13.114643    0.041667    0.297526   -0.080357    0.083333   -0.234208   -0.068695    0.125000    0.043371    0.062249    0.166667   -0.041448   -0.055335    0.208333   -0.042342   -0.051685    0.250000   -0.030960    0.056270
2.76 2.86   13.097291    0.041667    0.293126   -0.079129    0.083333   -0.230860   -0.068672    0.125000    0.040836    0.060968    0.166667   -0.037783   -0.054953    0.208333   -0.042167   -0.051707    0.250000   -0.029902    0.055757
2.77 2.87   13.079710    0.041667    0.288051   -0.081464    0.083333   -0.229129   -0.070953    0.125000    0.038604    0.057031    0.166667   -0.034057   -0.054039    0.208333   -0.041480   -0.052044    0.250000   -0.029210    0.055821
2.78 2.88   13.061899    0.041667    0.281046   -0.084429    0.083333   -0.226384   -0.071433    0.125000    0.035393    0.054456    0.166667   -0.031623   -0.054518    0.208333   -0.041498   -0.052869    0.250000   -0.026776    0.056222
2.79 2.89   13.043855    0.041667    0.274206   -0.087470    0.083333   -0.224611   -0.071236    0.125000    0.032342    0.052897    0.166667   -0.029184   -0.052667    0.208333   -0.036638   -0.053012    0.250000   -0.025169    0.054642
2.80 2.90   13.025576    0.041667    0.268455   -0.089161    0.083333   -0.223381   -0.069765    0.125000    0.028532    0.053595    0.166667   -0.027373   -0.050945    0.208333   -0.032831   -0.053912    0.250000   -0.024990    0.052362
2.81 2.91   13.007060    0.041667    0.263882   -0.088992    0.083333   -0.222723   -0.067054    0.125000    0.025318    0.054478    0.166667   -0.024161   -0.050161    0.208333   -0.031164   -0.055114    0.250000   -0.021753    0.051064
2.82 2.92   12.988306    0.041667    0.259414   -0.089659    0.083333   -0.220755   -0.065647    0.125000    0.024366    0.054004    0.166667   -0.022832   -0.050210    0.208333   -0.030920   -0.053570    0.250000   -0.017467    0.050735
2.83 2.93   12.969310    0.041667    0.257082   -0.090312    0.083333   -0.218867   -0.064909    0.125000    0.022960    0.055583    0.166667   -0.021034   -0.050151    0.208333   -0.030424   -0.051766    0.250000   -0.013349    0.050380
2.84 2.94   12.950071    0.041667    0.254715   -0.092708    0.083333   -0.217238   -0.065688    0.125000    0.022654    0.054148    0.166667   -0.019773   -0.050789    0.208333   -0.028584   -0.050542    0.250000   -0.010074    0.047628
2.85 2.95   12.930588    0.041667    0.251963   -0.097565    0.083333   -0.216052   -0.067149    0.125000    0.021620    0.051571    0.166667   -0.019173   -0.049658    0.208333   -0.025377   -0.049519    0.250000   -0.008297    0.043324
2.86 2.96   12.910857    0.041667    0.248203   -0.099332    0.083333   -0.214593   -0.067059    0.125000    0.020243    0.050649    0.166667   -0.018592   -0.048437    0.208333   -0.022488   -0.048774    0.250000   -0.005497    0.038334
2.87 2.97   12.890877    0.041667    0.245605   -0.099554    0.083333   -0.210220   -0.065780    0.125000    0.018479    0.052479    0.166667   -0.016455   -0.047946    0.208333   -0.020489   -0.047271    0.250000    0.000010    0.032545
2.88 2.98   12.870646    0.041667    0.245167   -0.099335    0.083333   -0.206371   -0.065770    0.125000    0.016144    0.053613    0.166667   -0.014250   -0.046838    0.208333   -0.020548   -0.046269    0.250000    0.002053    0.027935
2.89 2.99   12.850162    0.041667    0.243619   -0.099846    0.083333   -0.202025   -0.066601    0.125000    0.012982    0.055239    0.166667   -0.011933   -0.046750    0.208333   -0.023062   -0.047317    0.250000    0.004487    0.026105
2.90 3.00   12.829424    0.041667    0.241368   -0.100742    0.083333   -0.196468   -0.066906    0.125000    0.011968    0.054501    0.166667   -0.009376   -0.046862    0.208333   -0.023873   -0.045820    0.250000    0.007668    0.024191
2.91 3.01   12.808429    0.041667    0.239179   -0.102338    0.083333   -0.190933   -0.066118    0.125000    0.014154    0.055753    0.166667   -0.010117   -0.047854    0.208333   -0.023411   -0.042957    0.250000    0.008807    0.019626
2.92 3.02   12.787175    0.041667    0.237111   -0.105155    0.083333   -0.185831   -0.065296    0.125000    0.013549    0.058636    0.166667   -0.008899   -0.046430    0.208333   -0.021355   -0.041434    0.250000    0.010245    0.016578
2.93 3.03   12.765660    0.041667    0.232503   -0.107399    0.083333   -0.181086   -0.063783    0.125000    0.013196    0.059648    0.166667   -0.005317   -0.044929    0.208333   -0.021645   -0.042494    0.250000    0.009634    0.014258
2.94 3.04   12.743884    0.041667    0.227622   -0.108202    0.083333   -0.176818   -0.061335    0.125000    0.013558    0.058914    0.166667   -0.003677   -0.042925    0.208333   -0.021142   -0.041926    0.250000    0.007718    0.012512
2.95 3.05   12.721843    0.041667    0.223861   -0.109393    0.083333   -0.170888   -0.059961    0.125000    0.013012    0.059616    0.166667    0.000082   -0.042329    0.208333   -0.020288   -0.039137    0.250000    0.008380    0.010413
2.96 3.06   12.699536    0.041667    0.220540   -0.112286    0.083333   -0.165093   -0.059823    0.125000    0.013433    0.061547    0.166667    0.002782   -0.040752    0.208333   -0.018972   -0.038098    0.250000    0.008887    0.010561
2.97 3.07   12.676962    0.041667    0.216128   -0.113991    0.083333   -0.162395   -0.058764    0.125000    0.014037    0.061922    0.166667    0.005960   -0.037997    0.208333   -0.017361   -0.036870    0.250000    0.007626    0.012945
2.98 3.08   12.654118    0.041667    0.210946   -0.116707    0.083333   -0.157202   -0.058557    0.125000    0.015000    0.061485    0.166667    0.008224   -0.037077    0.208333   -0.015658   -0.033936    0.250000    0.009307    0.012716
2.99 3.09   12.631004    0.041667    0.208098   -0.119760    0.083333   -0.151846   -0.057604    0.125000    0.016069    0.060782    0.166667    0.010163   -0.035735    0.208333   -0.012984   -0.030096    0.250000    0.009728    0.011452
3.00 3.10   12.607617    0.041667    0.205241   -0.122521    0.083333   -0.150552   -0.057878    0.125000    0.015984    0.060145    0.166667    0.012194   -0.032932    0.208333   -0.010110   -0.027422    0.250000    0.009057    0.010648
3.01 3.11   12.583955    0.041667    0.202201   -0.125405    0.083333   -0.147705   -0.060955    0.125000    0.012436    0.057312    0.166667    0.015844   -0.029098    0.208333   -0.008431   -0.026787    0.250000    0.008423    0.010626
3.02 3.12   12.560018    0.041667    0.198221   -0.127613    0.083333   -0.142544   -0.064596    0.125000    0.009289    0.055334    0.166667    0.019108   -0.027453    0.208333   -0.007914   -0.026311    0.250000    0.009139    0.010131
3.03 3.13   12.535804    0.041667    0.195625   -0.130128    0.083333   -0.137087   -0.067400    0.125000    0.006964    0.055286    0.166667    0.020484   -0.028108    0.208333   -0.006875   -0.023544    0.250000    0.010705    0.009218
3.04 3.14   12.511311    0.041667    0.194277   -0.133102    0.083333   -0.131359   -0.069466    0.125000    0.005177    0.055766    0.166667    0.023627   -0.030122    0.208333   -0.007371   -0.022223    0.250000    0.013194    0.007448
3.05 3.15   12.486537    0.041667    0.191907   -0.135719    0.083333   -0.127633   -0.070862    0.125000    0.004505    0.057032    0.166667    0.024579   -0.032255    0.208333   -0.007708   -0.022137    0.250000    0.012530    0.006235
3.06 3.16   12.461482    0.041667    0.188242   -0.138727    0.083333   -0.123500   -0.070877    0.125000    0.001007    0.057325    0.166667    0.027309   -0.033289    0.208333   -0.008631   -0.021061    0.250000    0.012101    0.005395
3.07 3.17   12.436144    0.041667    0.184858   -0.143329    0.083333   -0.117974   -0.071153    0.125000   -0.001090    0.058326    0.166667    0.030368   -0.035783    0.208333   -0.009358   -0.018178    0.250000    0.013287    0.001698
3.08 3.18   12.410522    0.041667    0.181567   -0.147929    0.083333   -0.114072   -0.071904    0.125000   -0.004182    0.059025    0.166667    0.033587   -0.036050    0.208333   -0.008847   -0.017181    0.250000    0.013019   -0.000965
3.09 3.19   12.384615    0.041667    0.176952   -0.152665    0.083333   -0.112053   -0.073065    0.125000   -0.007093    0.061614    0.166667    0.036049   -0.037516    0.208333   -0.010332   -0.016085    0.250000    0.014511   -0.003200
3.10 3.20   12.358420    0.041667    0.171325   -0.157968    0.083333   -0.107505   -0.072700    0.125000   -0.010480    0.066493    0.166667    0.038977   -0.041004    0.208333   -0.013491   -0.013997    0.250000    0.016596   -0.005511
3.11 3.21   12.331938    0.041667    0.166360   -0.161936    0.083333   -0.104065   -0.071295    0.125000   -0.011114    0.071013    0.166667    0.042814   -0.044091    0.208333   -0.015394   -0.011528    0.250000    0.018253   -0.008151
3.12 3.22   12.305167    0.041667    0.161647   -0.165315    0.083333   -0.102811   -0.070703    0.125000   -0.011389    0.073983    0.166667    0.046970   -0.045934    0.208333   -0.017143   -0.007994    0.250000    0.019179   -0.009773
3.13 3.23   12.278106    0.041667    0.155878   -0.168369    0.083333   -0.100937   -0.069555    0.125000   -0.012978    0.076043    0.166667    0.048573   -0.044857    0.208333   -0.018437   -0.006002    0.250000    0.019602   -0.010850
3.14 3.24   12.250754    0.041667    0.150272   -0.171053    0.083333   -0.098316   -0.068307    0.125000   -0.015803    0.076873    0.166667    0.051657   -0.041452    0.208333   -0.020243   -0.003223    0.250000    0.019982   -0.009238
3.15 3.25   12.223110    0.041667    0.143352   -0.172050    0.083333   -0.094609   -0.066769    0.125000   -0.018704    0.076381    0.166667    0.057266   -0.037189    0.208333   -0.021655   -0.002540    0.250000    0.020022   -0.007421
3.16 3.26   12.195173    0.041667    0.139352   -0.171883    0.083333   -0.090252   -0.066167    0.125000   -0.019994    0.076252    0.166667    0.060516   -0.035009    0.208333   -0.023089   -0.000709    0.250000    0.020519   -0.007488
3.17 3.27   12.166943    0.041667    0.133910   -0.172632    0.083333   -0.085675   -0.065650    0.125000   -0.021032    0.077191    0.166667    0.062258   -0.033781    0.208333   -0.025328   -0.001692    0.250000    0.020120   -0.008190
3.18 3.28   12.138418    0.041667    0.129586   -0.174208    0.083333   -0.080865   -0.064985    0.125000   -0.022320    0.078076    0.166667    0.064153   -0.032877    0.208333   -0.027578   -0.002684    0.250000    0.019738   -0.008722
3.19 3.29   12.109599    0.041667    0.124499   -0.173785    0.083333   -0.075938   -0.064828    0.125000   -0.024853    0.077253    0.166667    0.064554   -0.031622    0.208333   -0.027706   -0.003399    0.250000    0.018595   -0.010935
3.20 3.30   12.080484    0.041667    0.122087   -0.172872    0.083333   -0.070545   -0.064379    0.125000   -0.025569    0.074960    0.166667    0.064422   -0.029625    0.208333   -0.027832   -0.004887    0.250000    0.018157   -0.013277
3.21 3.31   12.051073    0.041667    0.119570   -0.172865    0.083333   -0.065472   -0.064859    0.125000   -0.026762    0.073294    0.166667    0.064722   -0.028719    0.208333   -0.027846   -0.005667    0.250000    0.017919   -0.014122
3.22 3.32   12.021365    0.041667    0.117935   -0.173294    0.083333   -0.060322   -0.064900    0.125000   -0.026565    0.071697    0.166667    0.064643   -0.028782    0.208333   -0.027221   -0.005218    0.250000    0.017168   -0.015827
3.23 3.33   11.991361    0.041667    0.114636   -0.174674    0.083333   -0.056665   -0.066648    0.125000   -0.027416    0.068650    0.166667    0.066182   -0.028243    0.208333   -0.025723   -0.004774    0.250000    0.016529   -0.018934
3.24 3.34   11.961059    0.041667    0.112792   -0.176352    0.083333   -0.053679   -0.067625    0.125000   -0.028088    0.068702    0.166667    0.065646   -0.028619    0.208333   -0.024610   -0.002602    0.250000    0.017939   -0.024404
3.25 3.35   11.930460    0.041667    0.111378   -0.180409    0.083333   -0.051672   -0.069669    0.125000   -0.028764    0.070337    0.166667    0.063212   -0.029099    0.208333   -0.023307   -0.001356    0.250000    0.020618   -0.029552
3.26 3.36   11.899563    0.041667    0.107256   -0.183796    0.083333   -0.049350   -0.071224    0.125000   -0.029161    0.071789    0.166667    0.062932   -0.029978    0.208333   -0.023496   -0.001606    0.250000    0.020901   -0.032410
3.27 3.37   11.868369    0.041667    0.104993   -0.185392    0.083333   -0.048063   -0.073527    0.125000   -0.030634    0.072183    0.166667    0.060951   -0.029965    0.208333   -0.023190   -0.000734    0.250000    0.021702   -0.033927
3.28 3.38   11.836876    0.041667    0.101626   -0.186491    0.083333   -0.045917   -0.073378    0.125000   -0.031514    0.071036    0.166667    0.059782   -0.028741    0.208333   -0.022627    0.001886    0.250000    0.023519   -0.034203
3.29 3.39   11.805087    0.041667    0.100098   -0.189460    0.083333   -0.043420   -0.072851    0.125000   -0.030248    0.070731    0.166667    0.060661   -0.027011    0.208333   -0.022022    0.004381    0.250000    0.025786   -0.034399
3.30 3.40   11.772999    0.041667    0.096560   -0.191790    0.083333   -0.040704   -0.074487    0.125000   -0.030585    0.070647    0.166667    0.062413   -0.026290    0.208333   -0.018344    0.004480    0.250000    0.026236   -0.035477
3.31 3.41   11.740615    0.041667    0.091355   -0.193792    0.083333   -0.038204   -0.075801    0.125000   -0.031396    0.070222    0.166667    0.063767   -0.026414    0.208333   -0.016399    0.003813    0.250000    0.027390   -0.035865
3.32 3.42   11.707934    0.041667    0.086887   -0.195182    0.083333   -0.035793   -0.074819    0.125000   -0.032376    0.069879    0.166667    0.064407   -0.025167    0.208333   -0.014735    0.002734    0.250000    0.028153   -0.037730
3.33 3.43   11.674956    0.041667    0.083187   -0.195886    0.083333   -0.031852   -0.073930    0.125000   -0.033811    0.070632    0.166667    0.065625   -0.024214    0.208333   -0.013463    0.001424    0.250000    0.029803   -0.038896
3.34 3.44   11.641682    0.041667    0.077870   -0.196953    0.083333   -0.028445   -0.074388    0.125000   -0.036597    0.070426    0.166667    0.066316   -0.023925    0.208333   -0.010994   -0.001270    0.250000    0.029473   -0.037665
3.35 3.45   11.608113    0.041667    0.072649   -0.197056    0.083333   -0.023038   -0.075566    0.125000   -0.037902    0.068473    0.166667    0.068147   -0.024570    0.208333   -0.009326   -0.001305    0.250000    0.030355   -0.037454
3.36 3.46   11.574250    0.041667    0.066625   -0.199429    0.083333   -0.017947   -0.076681    0.125000   -0.038160    0.066897    0.166667    0.070020   -0.024199    0.208333   -0.005675   -0.002249    0.250000    0.033894   -0.038676
3.37 3.47   11.540092    0.041667    0.060565   -0.202070    0.083333   -0.013769   -0.076143    0.125000   -0.038945    0.064769    0.166667    0.072516   -0.022049    0.208333   -0.000727   -0.001580    0.250000    0.036724   -0.039131
3.38 3.48   11.505642    0.041667    0.056038   -0.204664    0.083333   -0.010479   -0.077786    0.125000   -0.039518    0.063462    0.166667    0.073070   -0.022089    0.208333    0.003587   -0.003651    0.250000    0.038169   -0.041668
3.39 3.49   11.470899    0.041667    0.050770   -0.205324    0.083333   -0.007145   -0.078373    0.125000   -0.041170    0.062371    0.166667    0.073946   -0.023356    0.208333    0.006832   -0.007335    0.250000    0.037971   -0.043043
3.40 3.50   11.435866    0.041667    0.045665   -0.207640    0.083333   -0.005343   -0.077987    0.125000   -0.042579    0.061925    0.166667    0.074456   -0.022189    0.208333    0.007035   -0.007241    0.250000    0.039613   -0.043232
3.41 3.51   11.400543    0.041667    0.042951   -0.209618    0.083333   -0.002601   -0.076794    0.125000   -0.044096    0.062322    0.166667    0.073295   -0.020430    0.208333    0.008220   -0.007979    0.250000    0.041002   -0.045077
3.42 3.52   11.364932    0.041667    0.038824   -0.211126    0.083333    0.000071   -0.077832    0.125000   -0.047525    0.062028    0.166667    0.072873   -0.021024    0.208333    0.008828   -0.008857    0.250000    0.042432   -0.043527
3.43 3.53   11.329034    0.041667    0.036519   -0.214018    0.083333    0.002393   -0.078619    0.125000   -0.048708    0.062419    0.166667    0.070828   -0.021439    0.208333    0.009048   -0.009031    0.250000    0.043397   -0.042790
3.44 3.54   11.292850    0.041667    0.034620   -0.217484    0.083333    0.004993   -0.080888    0.125000   -0.048878    0.061038    0.166667    0.069907   -0.022490    0.208333    0.010540   -0.009426    0.250000    0.044453   -0.042414
3.45 3.55   11.256382    0.041667    0.032471   -0.221588    0.083333    0.006271   -0.081044    0.125000   -0.051530    0.062037    0.166667    0.068309   -0.023270    0.208333    0.010392   -0.009467    0.250000    0.043960   -0.040924
3.46 3.56   11.219631    0.041667    0.031561   -0.223351    0.083333    0.007925   -0.080347    0.125000   -0.053833    0.062514    0.166667    0.065392   -0.024144    0.208333    0.010905   -0.009070    0.250000    0.041271   -0.040452
3.47 3.57   11.182601    0.041667    0.028983   -0.225214    0.083333    0.010544   -0.080932    0.125000   -0.055265    0.063966    0.166667    0.062500   -0.025345    0.208333    0.010368   -0.009148    0.250000    0.039087   -0.040954
3.48 3.58   11.145291    0.041667    0.026469   -0.226874    0.083333    0.012526   -0.081246    0.125000   -0.055114    0.064764    0.166667    0.061170   -0.026732    0.208333    0.010000   -0.008974    0.250000    0.037738   -0.040785
3.49 3.59   11.107705    0.041667    0.022527   -0.229364    0.083333    0.014478   -0.082029    0.125000   -0.055531    0.065138    0.166667    0.059325   -0.025529    0.208333    0.011191   -0.006485    0.250000    0.037797   -0.040305
3.50 3.60   11.069845    0.041667    0.020105   -0.230496    0.083333    0.017674   -0.081907    0.125000   -0.056731    0.065272    0.166667    0.057517   -0.026975    0.208333    0.012986   -0.005888    0.250000    0.036926   -0.039759
3.51 3.61   11.031712    0.041667    0.016435   -0.230908    0.083333    0.020629   -0.080789    0.125000   -0.057472    0.064452    0.166667    0.055761   -0.026875    0.208333    0.014488   -0.003720    0.250000    0.035235   -0.037538
3.52 3.62   10.993309    0.041667    0.013911   -0.233124    0.083333    0.023425   -0.080469    0.125000   -0.056012    0.064934    0.166667    0.054661   -0.026725    0.208333    0.016295   -0.002332    0.250000    0.034238   -0.037994
3.53 3.63   10.954639    0.041667    0.010205   -0.233495    0.083333    0.027135   -0.080255    0.125000   -0.055053    0.064480    0.166667    0.055033   -0.025261    0.208333    0.018267   -0.001045    0.250000    0.032957   -0.036556
3.54 3.64   10.915703    0.041667    0.004694   -0.234121    0.083333    0.031124   -0.077999    0.125000   -0.055057    0.065964    0.166667    0.054804   -0.022698    0.208333    0.019983   -0.000545    0.250000    0.031145   -0.036654
3.55 3.65   10.876505    0.041667    0.000166   -0.233349    0.083333    0.034413   -0.076246    0.125000   -0.053613    0.068061    0.166667    0.053993   -0.019609    0.208333    0.022293   -0.001329    0.250000    0.029989   -0.036253
3.56 3.66   10.837048    0.041667   -0.003260   -0.233226    0.083333    0.034858   -0.075491    0.125000   -0.053701    0.070301    0.166667    0.053217   -0.017554    0.208333    0.023217   -0.000047    0.250000    0.030311   -0.034813
3.57 3.67   10.797334    0.041667   -0.004190   -0.232986    0.083333    0.037129   -0.074829    0.125000   -0.055454    0.071290    0.166667    0.051835   -0.017075    0.208333    0.025629   -0.001226    0.250000    0.032021   -0.034118
3.58 3.68   10.757365    0.041667   -0.006762   -0.233181    0.083333    0.039242   -0.073360    0.125000   -0.058625    0.073687    0.166667    0.050458   -0.016195    0.208333    0.027970   -0.001569    0.250000    0.034463   -0.031782
3.59 3.69   10.717147    0.041667   -0.007134   -0.235172    0.083333    0.041646   -0.073039    0.125000   -0.061086    0.075499    0.166667    0.048071   -0.017145    0.208333    0.029995   -0.002901    0.250000    0.036319   -0.031220
3.60 3.70   10.676680    0.041667   -0.009821   -0.235899    0.083333    0.044415   -0.073956    0.125000   -0.062981    0.077091    0.166667    0.045323   -0.016029    0.208333    0.032427   -0.003213    0.250000    0.037508   -0.029650
3.61 3.71   10.635969    0.041667   -0.011595   -0.240827    0.083333    0.046847   -0.074000    0.125000   -0.064939    0.078448    0.166667    0.043203   -0.017078    0.208333    0.033656   -0.005057    0.250000    0.038839   -0.027412
3.62 3.72   10.595018    0.041667   -0.014093   -0.244723    0.083333    0.050115   -0.074579    0.125000   -0.068444    0.078206    0.166667    0.040020   -0.017186    0.208333    0.034200   -0.007441    0.250000    0.038628   -0.024930
3.63 3.73   10.553829    0.041667   -0.016866   -0.248196    0.083333    0.051501   -0.073928    0.125000   -0.070723    0.079288    0.166667    0.036673   -0.018899    0.208333    0.036629   -0.008186    0.250000    0.039005   -0.024402
3.64 3.74   10.512406    0.041667   -0.017310   -0.252122    0.083333    0.052915   -0.073479    0.125000   -0.072520    0.081170    0.166667    0.033206   -0.020485    0.208333    0.038041   -0.008072    0.250000    0.039883   -0.022682
3.65 3.75   10.470753    0.041667   -0.018102   -0.254985    0.083333    0.054893   -0.073323    0.125000   -0.074490    0.079810    0.166667    0.030369   -0.022407    0.208333    0.040665   -0.007940    0.250000    0.040091   -0.022624
3.66 3.76   10.428874    0.041667   -0.020449   -0.257714    0.083333    0.057083   -0.073362    0.125000   -0.075215    0.078567    0.166667    0.027944   -0.024739    0.208333    0.043331   -0.009228    0.250000    0.040073   -0.021347
3.67 3.77   10.386772    0.041667   -0.024424   -0.262491    0.083333    0.058495   -0.073046    0.125000   -0.075309    0.077790    0.166667    0.025159   -0.026497    0.208333    0.045225   -0.009232    0.250000    0.038270   -0.019281
3.68 3.78   10.344452    0.041667   -0.027685   -0.266102    0.083333    0.059634   -0.072615    0.125000   -0.075774    0.077418    0.166667    0.023024   -0.027061    0.208333    0.047922   -0.009908    0.250000    0.034980   -0.018836
3.69 3.79   10.301918    0.041667   -0.030777   -0.267358    0.083333    0.061905   -0.071422    0.125000   -0.075627    0.077589    0.166667    0.022209   -0.027636    0.208333    0.050018   -0.010746    0.250000    0.032016   -0.017007
3.70 3.80   10.259174    0.041667   -0.033248   -0.270998    0.083333    0.063134   -0.069570    0.125000   -0.075750    0.077295    0.166667    0.021126   -0.029373    0.208333    0.053222   -0.010155    0.250000    0.030837   -0.016073
3.71 3.81   10.216225    0.041667   -0.035720   -0.271744    0.083333    0.064379   -0.070455    0.125000   -0.076233    0.076945    0.166667    0.020138   -0.030902    0.208333    0.057063   -0.008182    0.250000    0.030127   -0.016377
3.72 3.82   10.173074    0.041667   -0.038742   -0.272209    0.083333    0.064927   -0.069089    0.125000   -0.075560    0.076878    0.166667    0.018491   -0.031097    0.208333    0.060671   -0.006274    0.250000    0.029556   -0.015877
3.73 3.83   10.129726    0.041667   -0.040580   -0.273363    0.083333    0.066702   -0.068709    0.125000   -0.076202    0.076807    0.166667    0.017157   -0.031893    0.208333    0.062238   -0.006080    0.250000    0.028663   -0.014073
3.74 3.84   10.086186    0.041667   -0.042877   -0.271925    0.083333    0.067850   -0.068204    0.125000   -0.076387    0.076130    0.166667    0.016923   -0.033157    0.208333    0.063970   -0.006309    0.250000    0.026968   -0.012293
3.75 3.85   10.042459    0.041667   -0.045613   -0.273987    0.083333    0.069548   -0.067488    0.125000   -0.075736    0.076317    0.166667    0.016477   -0.034903    0.208333    0.065459   -0.006619    0.250000    0.026722   -0.009845
3.76 3.86    9.998549    0.041667   -0.048248   -0.276189    0.083333    0.072398   -0.066484    0.125000   -0.075534    0.076358    0.166667    0.015950   -0.034636    0.208333    0.067418   -0.005966    0.250000    0.025276   -0.008163
3.77 3.87    9.954462    0.041667   -0.051752   -0.276651    0.083333    0.074880   -0.065009    0.125000   -0.075397    0.077502    0.166667    0.016364   -0.034572    0.208333    0.069511   -0.004751    0.250000    0.024616   -0.006928
3.78 3.88    9.910202    0.041667   -0.054555   -0.276224    0.083333    0.077511   -0.065390    0.125000   -0.074525    0.077277    0.166667    0.016312   -0.034749    0.208333    0.071314   -0.002711    0.250000    0.024323   -0.005407
3.79 3.89    9.865774    0.041667   -0.057488   -0.276451    0.083333    0.078764   -0.064533    0.125000   -0.073454    0.076962    0.166667    0.017565   -0.036167    0.208333    0.072912   -0.000597    0.250000    0.025198   -0.004175
3.80 3.90    9.821184    0.041667   -0.059973   -0.276462    0.083333    0.080379   -0.063667    0.125000   -0.071534    0.076913    0.166667    0.017451   -0.035949    0.208333    0.073671   -0.000684    0.250000    0.024025   -0.004190
3.81 3.91    9.776436    0.041667   -0.064394   -0.275434    0.083333    0.080498   -0.061216    0.125000   -0.070475    0.077081    0.166667    0.016332   -0.033955    0.208333    0.073702   -0.000828    0.250000    0.021948   -0.004754
3.82 3.92    9.731536    0.041667   -0.068166   -0.275216    0.083333    0.081593   -0.058576    0.125000   -0.069152    0.077880    0.166667    0.015788   -0.034075    0.208333    0.074216    0.000270    0.250000    0.021515   -0.004455
3.83 3.93    9.686490    0.041667   -0.072001   -0.274977    0.083333    0.081488   -0.056625    0.125000   -0.067494    0.078211    0.166667    0.016339   -0.034222    0.208333    0.075410    0.001563    0.250000    0.021826   -0.004813
3.84 3.94    9.641303    0.041667   -0.076149   -0.275937    0.083333    0.081812   -0.055341    0.125000   -0.065269    0.078360    0.166667    0.015735   -0.033641    0.208333    0.077755    0.002756    0.250000    0.021738   -0.006585
3.85 3.95    9.595980    0.041667   -0.080430   -0.274591    0.083333    0.081761   -0.053509    0.125000   -0.064508    0.077932    0.166667    0.015604   -0.031893    0.208333    0.079083    0.004474    0.250000    0.021268   -0.006410
3.86 3.96    9.550527    0.041667   -0.084069   -0.272743    0.083333    0.081277   -0.051487    0.125000   -0.063252    0.077700    0.166667    0.014822   -0.031694    0.208333    0.080849    0.005450    0.250000    0.021152   -0.006632
3.87 3.97    9.504950    0.041667   -0.086920   -0.271177    0.083333    0.080445   -0.049102    0.125000   -0.060733    0.077115    0.166667    0.013098   -0.031484    0.208333    0.081520    0.006444    0.250000    0.019782   -0.006707
3.88 3.98    9.459254    0.041667   -0.090288   -0.270764    0.083333    0.080689   -0.046511    0.125000   -0.059614    0.077372    0.166667    0.012671   -0.031829    0.208333    0.081924    0.006516    0.250000    0.019040   -0.005555
3.89 3.99    9.413446    0.041667   -0.092808   -0.270301    0.083333    0.081068   -0.045469    0.125000   -0.057889    0.076654    0.166667    0.011063   -0.031806    0.208333    0.082593    0.006677    0.250000    0.017623   -0.005208
3.90 4.00    9.367531    0.041667   -0.095347   -0.268892    0.083333    0.081324   -0.043254    0.125000   -0.056044    0.077095    0.166667    0.009839   -0.032976    0.208333    0.082474    0.006817    0.250000    0.016668   -0.004968
3.91 4.01    9.321514    0.041667   -0.097025   -0.268353    0.083333    0.083854   -0.042012    0.125000   -0.053459    0.076871    0.166667    0.010660   -0.034890    0.208333    0.084074    0.006293    0.250000    0.015604   -0.003388
3.92 4.02    9.275403    0.041667   -0.097767   -0.266743    0.083333    0.085382   -0.042034    0.125000   -0.052358    0.076945    0.166667    0.012248   -0.036384    0.208333    0.086241    0.005335    0.250000    0.014093   -0.001942
3.93 4.03    9.229203    0.041667   -0.099013   -0.265054    0.083333    0.087396   -0.040940    0.125000   -0.050133    0.076756    0.166667    0.011882   -0.037709    0.208333    0.088734    0.004864    0.250000    0.012416   -0.001208
3.94 4.04    9.182920    0.041667   -0.100174   -0.263754    0.083333    0.088086   -0.040336    0.125000   -0.049213    0.076177    0.166667    0.012272   -0.039895    0.208333    0.089874    0.005196    0.250000    0.012297    0.001704
3.95 4.05    9.136560    0.041667   -0.100547   -0.262973    0.083333    0.089073   -0.038926    0.125000   -0.048587    0.076867    0.166667    0.011988   -0.042363    0.208333    0.092137    0.005244    0.250000    0.010902    0.002001
3.96 4.06    9.090129    0.041667   -0.100727   -0.262212    0.083333    0.090383   -0.038191    0.125000   -0.047467    0.076999    0.166667    0.012254   -0.043773    0.208333    0.093438    0.005614    0.250000    0.010210    0.003051
3.97 4.07    9.043634    0.041667   -0.101318   -0.261962    0.083333    0.091102   -0.038974    0.125000   -0.046111    0.077588    0.166667    0.013158   -0.045843    0.208333    0.094273    0.005455    0.250000    0.009836    0.003818
3.98 4.08    8.997081    0.041667   -0.102119   -0.260542    0.083333    0.091821   -0.037970    0.125000   -0.044505    0.075503    0.166667    0.012833   -0.048541    0.208333    0.094940    0.006342    0.250000    0.008229    0.003484
3.99 4.09    8.950476    0.041667   -0.104757   -0.259083    0.083333    0.092448   -0.037181    0.125000   -0.044171    0.075306    0.166667    0.012520   -0.049641    0.208333    0.096201    0.007188    0.250000    0.005728    0.003160
4.00 4.10    8.903825    0.041667   -0.107421   -0.258263    0.083333    0.092644   -0.037819    0.125000   -0.044232    0.074429    0.166667    0.012811   -0.050705    0.208333    0.097716    0.007784    0.250000    0.005514    0.004935
4.01 4.11    8.857135    0.041667   -0.109611   -0.257658    0.083333    0.091689   -0.038946    0.125000   -0.043797    0.076158    0.166667    0.011813   -0.051842    0.208333    0.099268    0.009226    0.250000    0.006182    0.004867
4.02 4.12    8.810412    0.041667   -0.111697   -0.255709    0.083333    0.091778   -0.039901    0.125000   -0.042321    0.076034    0.166667    0.009565   -0.054200    0.208333    0.100016    0.011558    0.250000    0.006271    0.004648
4.03 4.13    8.763663    0.041667   -0.114077   -0.255673    0.083333    0.092086   -0.040650    0.125000   -0.042443    0.075920    0.166667    0.007501   -0.056586    0.208333    0.099127    0.012796    0.250000    0.004711    0.005312
4.04 4.14    8.716893    0.041667   -0.117739   -0.253147    0.083333    0.092589   -0.040482    0.125000   -0.042148    0.076507    0.166667    0.005812   -0.058297    0.208333    0.098592    0.012502    0.250000    0.002545    0.006077
4.05 4.15    8.670109    0.041667   -0.120915   -0.251752    0.083333    0.093692   -0.041378    0.125000   -0.041240    0.076472    0.166667    0.005053   -0.060006    0.208333    0.098216    0.012028    0.250000    0.000827    0.006580
4.06 4.16    8.623317    0.041667   -0.124462   -0.249776    0.083333    0.094050   -0.041965    0.125000   -0.041287    0.076929    0.166667    0.004438   -0.061301    0.208333    0.098491    0.011262    0.250000   -0.000946    0.006684
4.07 4.17    8.576525    0.041667   -0.128352   -0.246822    0.083333    0.094548   -0.041149    0.125000   -0.042001    0.075814    0.166667    0.004010   -0.062586    0.208333    0.100206    0.011688    0.250000   -0.002423    0.006747
4.08 4.18    8.529738    0.041667   -0.132323   -0.245775    0.083333    0.095348   -0.042146    0.125000   -0.042220    0.078354    0.166667    0.003562   -0.062332    0.208333    0.101752    0.010370    0.250000   -0.004056    0.006022
4.09 4.19    8.482962    0.041667   -0.135074   -0.244623    0.083333    0.096119   -0.042638    0.125000   -0.043218    0.078824    0.166667    0.002917   -0.063225    0.208333    0.103294    0.009741    0.250000   -0.005250    0.006627
4.10 4.20    8.436205    0.041667   -0.138689   -0.243378    0.083333    0.096966   -0.042326    0.125000   -0.043295    0.078764    0.166667    0.002991   -0.063715    0.208333    0.104853    0.010579    0.250000   -0.008692    0.004657
4.11 4.21    8.389472    0.041667   -0.142555   -0.242639    0.083333    0.097951   -0.041879    0.125000   -0.043744    0.077837    0.166667    0.002552   -0.064586    0.208333    0.105390    0.011288    0.250000   -0.012409    0.003878
4.12 4.22    8.342770    0.041667   -0.147301   -0.242740    0.083333    0.096953   -0.040055    0.125000   -0.044284    0.078599    0.166667    0.003160   -0.064285    0.208333    0.106548    0.011477    0.250000   -0.015855    0.002775
4.13 4.23    8.296105    0.041667   -0.150843   -0.241166    0.083333    0.095753   -0.037990    0.125000   -0.044747    0.078777    0.166667    0.004648   -0.063735    0.208333    0.108089    0.012022    0.250000   -0.017628    0.002520
4.14 4.24    8.249483    0.041667   -0.152925   -0.241275    0.083333    0.095701   -0.036510    0.125000   -0.044847    0.079260    0.166667    0.005197   -0.062754    0.208333    0.109402    0.013734    0.250000   -0.019524    0.000612
4.15 4.25    8.202911    0.041667   -0.155629   -0.239772    0.083333    0.094607   -0.035080    0.125000   -0.044876    0.079741    0.166667    0.005378   -0.063052    0.208333    0.110148    0.014488    0.250000   -0.020963   -0.000647
4.16 4.26    8.156395    0.041667   -0.158068   -0.238784    0.083333    0.094720   -0.034251    0.125000   -0.044686    0.079505    0.166667    0.005306   -0.063421    0.208333    0.109734    0.015319    0.250000   -0.022696   -0.002605
4.17 4.27    8.109942    0.041667   -0.159757   -0.238360    0.083333    0.094954   -0.033683    0.125000   -0.045347    0.079720    0.166667    0.004868   -0.063061    0.208333    0.110063    0.014752    0.250000   -0.024118   -0.003994
4.18 4.28    8.063557    0.041667   -0.161275   -0.237199    0.083333    0.094346   -0.032253    0.125000   -0.045404    0.078457    0.166667    0.004259   -0.063521    0.208333    0.108600    0.016539    0.250000   -0.025451   -0.004107
4.19 4.29    8.017246    0.041667   -0.163635   -0.235333    0.083333    0.093880   -0.030130    0.125000   -0.043769    0.077754    0.166667    0.003917   -0.063648    0.208333    0.107784    0.017343    0.250000   -0.026528   -0.005256
4.20 4.30    7.971016    0.041667   -0.165223   -0.232623    0.083333    0.092866   -0.027822    0.125000   -0.043711    0.077985    0.166667    0.003040   -0.064385    0.208333    0.106594    0.017030    0.250000   -0.026827   -0.005469
4.21 4.31    7.924874    0.041667   -0.166914   -0.229307    0.083333    0.091722   -0.024896    0.125000   -0.043372    0.077144    0.166667    0.002835   -0.065149    0.208333    0.106047    0.016970    0.250000   -0.026547   -0.005424
4.22 4.32    7.878824    0.041667   -0.168550   -0.226097    0.083333    0.091965   -0.022798    0.125000   -0.043869    0.076137    0.166667    0.002648   -0.066243    0.208333    0.104920    0.016081    0.250000   -0.026104   -0.005224
4.23 4.33    7.832873    0.041667   -0.170192   -0.223274    0.083333    0.092927   -0.021735    0.125000   -0.043365    0.075458    0.166667    0.001797   -0.067838    0.208333    0.103824    0.015579    0.250000   -0.026440   -0.005577
4.24 4.34    7.787027    0.041667   -0.172123   -0.220178    0.083333    0.094058   -0.020594    0.125000   -0.043033    0.074820    0.166667    0.001338   -0.068883    0.208333    0.103154    0.014631    0.250000   -0.027638   -0.006036
4.25 4.35    7.741291    0.041667   -0.173614   -0.218325    0.083333    0.094650   -0.018858    0.125000   -0.042402    0.074150    0.166667    0.000700   -0.068849    0.208333    0.102396    0.014657    0.250000   -0.028604   -0.007248
4.26 4.36    7.695672    0.041667   -0.175816   -0.216133    0.083333    0.094758   -0.017099    0.125000   -0.041967    0.073912    0.166667   -0.000148   -0.070966    0.208333    0.102616    0.014050    0.250000   -0.029325   -0.007254
4.27 4.37    7.650176    0.041667   -0.176240   -0.213970    0.083333    0.094427   -0.014824    0.125000   -0.040766    0.073917    0.166667   -0.000001   -0.072160    0.208333    0.100738    0.013664    0.250000   -0.030485   -0.007754
4.28 4.38    7.604807    0.041667   -0.176320   -0.210752    0.083333    0.094812   -0.012866    0.125000   -0.039947    0.075253    0.166667    0.000423   -0.073931    0.208333    0.099732    0.012941    0.250000   -0.031173   -0.008409
4.29 4.39    7.559572    0.041667   -0.176496   -0.208944    0.083333    0.095125   -0.011779    0.125000   -0.040388    0.076665    0.166667    0.001655   -0.075235    0.208333    0.098777    0.012520    0.250000   -0.032368   -0.008469
4.30 4.40    7.514476    0.041667   -0.177577   -0.207704    0.083333    0.096060   -0.009895    0.125000   -0.039702    0.077015    0.166667    0.002641   -0.076383    0.208333    0.098695    0.013936    0.250000   -0.032350   -0.008340
4.31 4.41    7.469525    0.041667   -0.178416   -0.205286    0.083333    0.097479   -0.007886    0.125000   -0.038657    0.077956    0.166667    0.003430   -0.077590    0.208333    0.097215    0.013480    0.250000   -0.033382   -0.009193
4.32 4.42    7.424724    0.041667   -0.179424   -0.203816    0.083333    0.098638   -0.006747    0.125000   -0.037489    0.078462    0.166667    0.005068   -0.077468    0.208333    0.095758    0.013013    0.250000   -0.034674   -0.010561
4.33 4.43    7.380079    0.041667   -0.181809   -0.202312    0.083333    0.098740   -0.004683    0.125000   -0.036111    0.078292    0.166667    0.006289   -0.077848    0.208333    0.095125    0.012897    0.250000   -0.036095   -0.012463
4.34 4.44    7.335594    0.041667   -0.183336   -0.200458    0.083333    0.098202   -0.002642    0.125000   -0.034562    0.078880    0.166667    0.007571   -0.079150    0.208333    0.093751    0.013489    0.250000   -0.036104   -0.014597
4.35 4.45    7.291275    0.041667   -0.185375   -0.197637    0.083333    0.098276   -0.001578    0.125000   -0.033957    0.079795    0.166667    0.009483   -0.080172    0.208333    0.093112    0.014238    0.250000   -0.036435   -0.014980
4.36 4.46    7.247127    0.041667   -0.186444   -0.195270    0.083333    0.098675   -0.001339    0.125000   -0.033014    0.080284    0.166667    0.011667   -0.080830    0.208333    0.092225    0.015110    0.250000   -0.037683   -0.016432
4.37 4.47    7.203155    0.041667   -0.189716   -0.192216    0.083333    0.099513   -0.000984    0.125000   -0.032081    0.080282    0.166667    0.013101   -0.081944    0.208333    0.092114    0.015404    0.250000   -0.038642   -0.017395
4.38 4.48    7.159364    0.041667   -0.193082   -0.190817    0.083333    0.100023   -0.001248    0.125000   -0.031002    0.079150    0.166667    0.013763   -0.080980    0.208333    0.092661    0.015605    0.250000   -0.039118   -0.018579
4.39 4.49    7.115759    0.041667   -0.195625   -0.188152    0.083333    0.099980   -0.000559    0.125000   -0.029680    0.077359    0.166667    0.013242   -0.081021    0.208333    0.091548    0.016845    0.250000   -0.040072   -0.019398
4.40 4.50    7.072344    0.041667   -0.197813   -0.185044    0.083333    0.099916   -0.000906    0.125000   -0.028299    0.075562    0.166667    0.013785   -0.080956    0.208333    0.090910    0.016244    0.250000   -0.041644   -0.019801
4.41 4.51    7.029124    0.041667   -0.200723   -0.184016    0.083333    0.100089   -0.001538    0.125000   -0.027899    0.074281    0.166667    0.014659   -0.079534    0.208333    0.091248    0.016835    0.250000   -0.042160   -0.019713
4.42 4.52    6.986104    0.041667   -0.203182   -0.182236    0.083333    0.099296   -0.001735    0.125000   -0.027045    0.073474    0.166667    0.014378   -0.079448    0.208333    0.091016    0.017908    0.250000   -0.043430   -0.020055
4.43 4.53    6.943289    0.041667   -0.204856   -0.180024    0.083333    0.099770   -0.002569    0.125000   -0.026840    0.073222    0.166667    0.013916   -0.079251    0.208333    0.090302    0.018411    0.250000   -0.043135   -0.020020
4.44 4.54    6.900681    0.041667   -0.206913   -0.179232    0.083333    0.100207   -0.003000    0.125000   -0.026734    0.072151    0.166667    0.013292   -0.079469    0.208333    0.089749    0.018504    0.250000   -0.043247   -0.020178
4.45 4.55    6.858287    0.041667   -0.208955   -0.177752    0.083333    0.100123   -0.002881    0.125000   -0.025918    0.071198    0.166667    0.012302   -0.079620    0.208333    0.088579    0.017783    0.250000   -0.043866   -0.020210
4.46 4.56    6.816109    0.041667   -0.211585   -0.175971    0.083333    0.099596   -0.001523    0.125000   -0.025659    0.071087    0.166667    0.011924   -0.079466    0.208333    0.087149    0.017516    0.250000   -0.044249   -0.020516
4.47 4.57    6.774152    0.041667   -0.213256   -0.173026    0.083333    0.099474   -0.001174    0.125000   -0.025895    0.070566    0.166667    0.011534   -0.079664    0.208333    0.086857    0.017457    0.250000   -0.044815   -0.020510
4.48 4.58    6.732420    0.041667   -0.214928   -0.169830    0.083333    0.099048    0.000294    0.125000   -0.025766    0.069315    0.166667    0.011470   -0.080911    0.208333    0.085854    0.017955    0.250000   -0.045230   -0.020708
4.49 4.59    6.690917    0.041667   -0.218097   -0.167298    0.083333    0.099090    0.001965    0.125000   -0.025564    0.068798    0.166667    0.011928   -0.081275    0.208333    0.085202    0.017301    0.250000   -0.045219   -0.020883
4.50 4.60    6.649647    0.041667   -0.220652   -0.164882    0.083333    0.099046    0.003482    0.125000   -0.025744    0.069078    0.166667    0.012073   -0.081276    0.208333    0.084069    0.016718    0.250000   -0.046126   -0.021133
4.51 4.61    6.608612    0.041667   -0.222468   -0.161534    0.083333    0.098843    0.004974    0.125000   -0.025582    0.069078    0.166667    0.011421   -0.082386    0.208333    0.081933    0.016118    0.250000   -0.047752   -0.021262
4.52 4.62    6.567818    0.041667   -0.225428   -0.157263    0.083333    0.099226    0.006297    0.125000   -0.025417    0.069333    0.166667    0.012021   -0.083010    0.208333    0.080929    0.015309    0.250000   -0.047608   -0.020840
4.53 4.63    6.527266    0.041667   -0.226993   -0.154343    0.083333    0.098800    0.007921    0.125000   -0.026238    0.069078    0.166667    0.012579   -0.082493    0.208333    0.079754    0.015210    0.250000   -0.049185   -0.020769
4.54 4.64    6.486961    0.041667   -0.229060   -0.150759    0.083333    0.098387    0.009357    0.125000   -0.026886    0.067918    0.166667    0.013029   -0.082640    0.208333    0.078934    0.013960    0.250000   -0.050843   -0.020493
4.55 4.65    6.446905    0.041667   -0.231088   -0.147516    0.083333    0.098187    0.010422    0.125000   -0.027683    0.067163    0.166667    0.014189   -0.083112    0.208333    0.077677    0.013742    0.250000   -0.051541   -0.020506
4.56 4.66    6.407103    0.041667   -0.232906   -0.144235    0.083333    0.097784    0.011651    0.125000   -0.028208    0.065898    0.166667    0.014957   -0.082142    0.208333    0.077013    0.013939    0.250000   -0.052223   -0.019704
4.57 4.67    6.367556    0.041667   -0.234056   -0.142284    0.083333    0.098148    0.012660    0.125000   -0.028480    0.064946    0.166667    0.016357   -0.080986    0.208333    0.075570    0.014556    0.250000   -0.052612   -0.019121
4.58 4.68    6.328268    0.041667   -0.235701   -0.139588    0.083333    0.098319    0.013680    0.125000   -0.028868    0.064807    0.166667    0.016905   -0.080398    0.208333    0.074879    0.015042    0.250000   -0.052987   -0.018265
4.59 4.69    6.289241    0.041667   -0.237299   -0.136605    0.083333    0.098355    0.013227    0.125000   -0.029791    0.064628    0.166667    0.016874   -0.079926    0.208333    0.074912    0.015557    0.250000   -0.053165   -0.018183
4.60 4.70    6.250478    0.041667   -0.238169   -0.135158    0.083333    0.097701    0.013652    0.125000   -0.031218    0.064356    0.166667    0.016458   -0.080400    0.208333    0.074590    0.015647    0.250000   -0.053564   -0.018096
4.61 4.71    6.211982    0.041667   -0.238894   -0.133007    0.083333    0.096241    0.014176    0.125000   -0.031814    0.064221    0.166667    0.016283   -0.080205    0.208333    0.075242    0.015930    0.250000   -0.053779   -0.016911
4.62 4.72    6.173756    0.041667   -0.238800   -0.132041    0.083333    0.095457    0.014872    0.125000   -0.032499    0.063718    0.166667    0.015833   -0.080145    0.208333    0.075284    0.017150    0.250000   -0.054934   -0.016152
4.63 4.73    6.135800    0.041667   -0.239813   -0.130050    0.083333    0.095331    0.014772    0.125000   -0.032544    0.063103    0.166667    0.015765   -0.079538    0.208333    0.074687    0.017232    0.250000   -0.055404   -0.015467
4.64 4.74    6.098119    0.041667   -0.241024   -0.128495    0.083333    0.094963    0.014802    0.125000   -0.032565    0.063737    0.166667    0.015914   -0.078908    0.208333    0.074399    0.018326    0.250000   -0.055103   -0.014605
4.65 4.75    6.060713    0.041667   -0.241598   -0.127634    0.083333    0.095274    0.014759    0.125000   -0.032553    0.062772    0.166667    0.015826   -0.077800    0.208333    0.074218    0.018607    0.250000   -0.055543   -0.012601
4.66 4.76    6.023586    0.041667   -0.242427   -0.126872    0.083333    0.095846    0.013854    0.125000   -0.033169    0.061124    0.166667    0.015922   -0.077403    0.208333    0.074187    0.018321    0.250000   -0.055399   -0.011888
4.67 4.77    5.986738    0.041667   -0.243475   -0.125238    0.083333    0.096119    0.013371    0.125000   -0.033067    0.061010    0.166667    0.015446   -0.076789    0.208333    0.073446    0.017956    0.250000   -0.055024   -0.011144
4.68 4.78    5.950172    0.041667   -0.244064   -0.123714    0.083333    0.095218    0.012422    0.125000   -0.033487    0.060600    0.166667    0.016184   -0.076512    0.208333    0.072531    0.016727    0.250000   -0.054818   -0.010255
4.69 4.79    5.913889    0.041667   -0.244394   -0.122779    0.083333    0.095244    0.012259    0.125000   -0.033640    0.060560    0.166667    0.017000   -0.075770    0.208333    0.070806    0.016344    0.250000   -0.055687   -0.008448
4.70 4.80    5.877892    0.041667   -0.245666   -0.120790    0.083333    0.095329    0.010918    0.125000   -0.033743    0.060141    0.166667    0.017766   -0.074533    0.208333    0.069545    0.016486    0.250000   -0.056040   -0.006246
4.71 4.81    5.842180    0.041667   -0.246847   -0.119833    0.083333    0.094866    0.009108    0.125000   -0.034991    0.059247    0.166667    0.018139   -0.073554    0.208333    0.068432    0.016880    0.250000   -0.055529   -0.005988
4.72 4.82    5.806757    0.041667   -0.247963   -0.117774    0.083333    0.095013    0.007954    0.125000   -0.035818    0.058259    0.166667    0.017767   -0.073058    0.208333    0.066796    0.016555    0.250000   -0.054590   -0.005266
4.73 4.83    5.771623    0.041667   -0.249925   -0.115773    0.083333    0.093926    0.007261    0.125000   -0.036520    0.057602    0.166667    0.018622   -0.073741    0.208333    0.065659    0.015845    0.250000   -0.053514   -0.004254
4.74 4.84    5.736780    0.041667   -0.251660   -0.113702    0.083333    0.093783    0.006659    0.125000   -0.037711    0.056549    0.166667    0.019340   -0.073186    0.208333    0.064221    0.015468    0.250000   -0.053255   -0.003245
4.75 4.85    5.702228    0.041667   -0.253661   -0.111207    0.083333    0.092872    0.005400    0.125000   -0.038444    0.055744    0.166667    0.018391   -0.073403    0.208333    0.062636    0.015808    0.250000   -0.052856   -0.002585
4.76 4.86    5.667969    0.041667   -0.255237   -0.108321    0.083333    0.092013    0.005117    0.125000   -0.039160    0.055602    0.166667    0.018304   -0.073710    0.208333    0.061096    0.016366    0.250000   -0.052566   -0.001653
4.77 4.87    5.634004    0.041667   -0.257093   -0.106146    0.083333    0.090686    0.004057    0.125000   -0.040337    0.053565    0.166667    0.017936   -0.073574    0.208333    0.060425    0.017033    0.250000   -0.052443   -0.001062
4.78 4.88    5.600332    0.041667   -0.259218   -0.104275    0.083333    0.090201    0.003568    0.125000   -0.041911    0.052739    0.166667    0.017470   -0.072719    0.208333    0.059927    0.018140    0.250000   -0.052074   -0.000158
4.79 4.89    5.566956    0.041667   -0.260514   -0.102255    0.083333    0.089431    0.002494    0.125000   -0.043165    0.052273    0.166667    0.017131   -0.073160    0.208333    0.059016    0.018206    0.250000   -0.051586    0.000195
4.80 4.90    5.533876    0.041667   -0.261652   -0.100295    0.083333    0.089462    0.001902    0.125000   -0.043660    0.051401    0.166667    0.017096   -0.072807    0.208333    0.057138    0.018523    0.250000   -0.050827    0.000077
4.81 4.91    5.501091    0.041667   -0.263170   -0.097675    0.083333    0.090698    0.001251    0.125000   -0.043611    0.051025    0.166667    0.017827   -0.072664    0.208333    0.056119    0.017383    0.250000   -0.049840    0.000693
4.82 4.92    5.468604    0.041667   -0.265220   -0.095584    0.083333    0.091892    0.000262    0.125000   -0.044629    0.051004    0.166667    0.018069   -0.071387    0.208333    0.055037    0.016159    0.250000   -0.049855    0.001191
4.83 4.93    5.436414    0.041667   -0.265830   -0.093992    0.083333    0.093171    0.000080    0.125000   -0.045643    0.051100    0.166667    0.017067   -0.069823    0.208333    0.054160    0.015612    0.250000   -0.049727    0.001511
4.84 4.94    5.404521    0.041667   -0.266889   -0.091265    0.083333    0.093899   -0.000986    0.125000   -0.045845    0.051238    0.166667    0.016312   -0.068674    0.208333    0.053379    0.014865    0.250000   -0.049706    0.002057
4.85 4.95    5.372925    0.041667   -0.267260   -0.088682    0.083333    0.094373   -0.000827    0.125000   -0.047049    0.051427    0.166667    0.016690   -0.067381    0.208333    0.053300    0.013896    0.250000   -0.049208    0.001811
4.86 4.96    5.341627    0.041667   -0.267330   -0.086383    0.083333    0.094136   -0.001423    0.125000   -0.047713    0.051652    0.166667    0.015591   -0.065790    0.208333    0.052263    0.013293    0.250000   -0.048944    0.002085
4.87 4.97    5.310627    0.041667   -0.268149   -0.083932    0.083333    0.094833   -0.001817    0.125000   -0.048152    0.052129    0.166667    0.014728   -0.064505    0.208333    0.051010    0.012050    0.250000   -0.049529    0.002868
4.88 4.98    5.279925    0.041667   -0.268915   -0.081541    0.083333    0.096038   -0.002643    0.125000   -0.048023    0.052137    0.166667    0.014306   -0.063317    0.208333    0.049524    0.010817    0.250000   -0.050268    0.003823
4.89 4.99    5.249520    0.041667   -0.269449   -0.079157    0.083333    0.096339   -0.003238    0.125000   -0.049276    0.050809    0.166667    0.013309   -0.061470    0.208333    0.049546    0.009792    0.250000   -0.049675    0.004339
4.90 5.00    5.219413    0.041667   -0.271120   -0.076455    0.083333    0.096181   -0.003911    0.125000   -0.050719    0.050126    0.166667    0.012999   -0.060521    0.208333    0.049793    0.009141    0.250000   -0.049202    0.004314
4.91 5.01    5.189602    0.041667   -0.272036   -0.073746    0.083333    0.096576   -0.004976    0.125000   -0.052022    0.048987    0.166667    0.012697   -0.058564    0.208333    0.049530    0.009058    0.250000   -0.050450    0.005010
4.92 5.02    5.160088    0.041667   -0.272437   -0.071498    0.083333    0.095882   -0.005674    0.125000   -0.052656    0.048071    0.166667    0.012529   -0.057060    0.208333    0.049928    0.009341    0.250000   -0.050479    0.005700
4.93 5.03    5.130871    0.041667   -0.273368   -0.068838    0.083333    0.095661   -0.007342    0.125000   -0.053105    0.046712    0.166667    0.012430   -0.054791    0.208333    0.050237    0.009011    0.250000   -0.051447    0.006675
4.94 5.04    5.101949    0.041667   -0.274074   -0.066920    0.083333    0.094989   -0.008297    0.125000   -0.054521    0.044930    0.166667    0.012385   -0.052828    0.208333    0.050655    0.008979    0.250000   -0.051378    0.007194
4.95 5.05    5.073322    0.041667   -0.275224   -0.064852    0.083333    0.094891   -0.009706    0.125000   -0.054750    0.043596    0.166667    0.012749   -0.050914    0.208333    0.050549    0.008376    0.250000   -0.052302    0.007530
4.96 5.06    5.044990    0.041667   -0.276629   -0.062767    0.083333    0.096027   -0.011662    0.125000   -0.055336    0.043110    0.166667    0.013277   -0.048755    0.208333    0.050867    0.007048    0.250000   -0.053248    0.007606
4.97 5.07    5.016951    0.041667   -0.278246   -0.061275    0.083333    0.096313   -0.012430    0.125000   -0.056710    0.043384    0.166667    0.013692   -0.046039    0.208333    0.051335    0.007177    0.250000   -0.053047    0.008320
4.98 5.08    4.989206    0.041667   -0.279722   -0.059319    0.083333    0.095543   -0.013062    0.125000   -0.058170    0.043101    0.166667    0.013924   -0.043448    0.208333    0.052035    0.006779    0.250000   -0.052962    0.008456
4.99 5.09    4.961753    0.041667   -0.282353   -0.058095    0.083333    0.095981   -0.013933    0.125000   -0.058597    0.043020    0.166667    0.014327   -0.040590    0.208333    0.051727    0.006627    0.250000   -0.053024    0.009063
5.00 5.10    4.934591    0.041667   -0.283761   -0.056910    0.083333    0.096450   -0.015363    0.125000   -0.059430    0.042547    0.166667    0.014023   -0.037050    0.208333    0.051552    0.006659    0.250000   -0.053098    0.010024
5.01 5.11    4.907719    0.041667   -0.286349   -0.056509    0.083333    0.095794   -0.015511    0.125000   -0.059553    0.042547    0.166667    0.013865   -0.034319    0.208333    0.051112    0.006602    0.250000   -0.051921    0.010840
5.02 5.12    4.881137    0.041667   -0.288388   -0.055397    0.083333    0.095189   -0.016936    0.125000   -0.060276    0.041940    0.166667    0.014351   -0.031590    0.208333    0.050325    0.006904    0.250000   -0.051505    0.011812
5.03 5.13    4.854843    0.041667   -0.290761   -0.053730    0.083333    0.094698   -0.017346    0.125000   -0.061437    0.041328    0.166667    0.015011   -0.029832    0.208333    0.049929    0.007565    0.250000   -0.049688    0.012716
5.04 5.14    4.828836    0.041667   -0.292486   -0.052269    0.083333    0.093802   -0.018307    0.125000   -0.061588    0.040403    0.166667    0.015361   -0.027446    0.208333    0.049223    0.007627    0.250000   -0.048058    0.013626
5.05 5.15    4.803115    0.041667   -0.294463   -0.051332    0.083333    0.093239   -0.019132    0.125000   -0.062383    0.038828    0.166667    0.015638   -0.024906    0.208333    0.047983    0.008426    0.250000   -0.045828    0.014613
5.06 5.16    4.777678    0.041667   -0.296411   -0.050498    0.083333    0.091765   -0.019702    0.125000   -0.063079    0.036511    0.166667    0.015449   -0.022272    0.208333    0.046340    0.008663    0.250000   -0.043165    0.015658
5.07 5.17    4.752525    0.041667   -0.297734   -0.049345    0.083333    0.090741   -0.021105    0.125000   -0.063474    0.033867    0.166667    0.016024   -0.020471    0.208333    0.044907    0.008956    0.250000   -0.040965    0.015765
5.08 5.18    4.727654    0.041667   -0.298960   -0.048916    0.083333    0.090475   -0.022353    0.125000   -0.063463    0.031498    0.166667    0.016238   -0.019069    0.208333    0.043037    0.008734    0.250000   -0.038674    0.016215
5.09 5.19    4.703064    0.041667   -0.300250   -0.047638    0.083333    0.090179   -0.024115    0.125000   -0.063146    0.029528    0.166667    0.016663   -0.017537    0.208333    0.041309    0.009182    0.250000   -0.036493    0.015661
5.10 5.20    4.678753    0.041667   -0.301470   -0.045881    0.083333    0.090118   -0.024242    0.125000   -0.062875    0.027772    0.166667    0.017315   -0.016243    0.208333    0.039649    0.008768    0.250000   -0.034391    0.015382
5.11 5.21    4.654720    0.041667   -0.302469   -0.043679    0.083333    0.090267   -0.025437    0.125000   -0.063537    0.025749    0.166667    0.017589   -0.014272    0.208333    0.038085    0.008675    0.250000   -0.032911    0.014875
5.12 5.22    4.630963    0.041667   -0.304288   -0.042137    0.083333    0.090965   -0.025896    0.125000   -0.063693    0.024390    0.166667    0.018278   -0.012365    0.208333    0.036202    0.007972    0.250000   -0.031156    0.013987
5.13 5.23    4.607481    0.041667   -0.306797   -0.041006    0.083333    0.091787   -0.026988    0.125000   -0.063894    0.022743    0.166667    0.018982   -0.010113    0.208333    0.034415    0.007829    0.250000   -0.029855    0.013096
5.14 5.24    4.584272    0.041667   -0.308748   -0.039480    0.083333    0.092851   -0.027283    0.125000   -0.064015    0.022141    0.166667    0.019055   -0.008210    0.208333    0.032971    0.008189    0.250000   -0.029208    0.012121
5.15 5.25    4.561335    0.041667   -0.310676   -0.037686    0.083333    0.093713   -0.027924    0.125000   -0.063399    0.022122    0.166667    0.019086   -0.005598    0.208333    0.031933    0.008675    0.250000   -0.028370    0.011885
5.16 5.26    4.538668    0.041667   -0.312881   -0.036293    0.083333    0.095361   -0.027898    0.125000   -0.063025    0.021456    0.166667    0.019528   -0.003485    0.208333    0.030498    0.010134    0.250000   -0.027728    0.011529
5.17 5.27    4.516268    0.041667   -0.315186   -0.034437    0.083333    0.095929   -0.027547    0.125000   -0.062209    0.021322    0.166667    0.020106   -0.001515    0.208333    0.029621    0.010361    0.250000   -0.027096    0.011091
5.18 5.28    4.494135    0.041667   -0.317701   -0.032588    0.083333    0.096685   -0.027713    0.125000   -0.062113    0.021138    0.166667    0.020265    0.001260    0.208333    0.028698    0.010922    0.250000   -0.026923    0.010034
5.19 5.29    4.472267    0.041667   -0.319273   -0.030665    0.083333    0.096879   -0.026556    0.125000   -0.062080    0.021201    0.166667    0.020511    0.003786    0.208333    0.027707    0.011113    0.250000   -0.026338    0.010256
5.20 5.30    4.450662    0.041667   -0.320858   -0.029059    0.083333    0.096490   -0.026784    0.125000   -0.061628    0.020672    0.166667    0.020503    0.005910    0.208333    0.026904    0.011731    0.250000   -0.025113    0.009689
5.21 5.31    4.429318    0.041667   -0.321789   -0.027599    0.083333    0.096813   -0.026006    0.125000   -0.061451    0.020577    0.166667    0.020247    0.007980    0.208333    0.026131    0.011828    0.250000   -0.024062    0.009381
5.22 5.32    4.408233    0.041667   -0.323239   -0.025747    0.083333    0.097155   -0.025633    0.125000   -0.060884    0.020338    0.166667    0.019551    0.010402    0.208333    0.025854    0.012506    0.250000   -0.022900    0.009069
5.23 5.33    4.387406    0.041667   -0.324125   -0.023773    0.083333    0.097230   -0.024695    0.125000   -0.059757    0.020704    0.166667    0.019423    0.012402    0.208333    0.025231    0.012792    0.250000   -0.022564    0.009253
5.24 5.34    4.366834    0.041667   -0.325498   -0.022369    0.083333    0.097542   -0.024682    0.125000   -0.058827    0.020725    0.166667    0.019743    0.014472    0.208333    0.024097    0.012484    0.250000   -0.021438    0.009617
5.25 5.35    4.346516    0.041667   -0.327307   -0.020767    0.083333    0.097979   -0.024912    0.125000   -0.058816    0.020213    0.166667    0.019758    0.015986    0.208333    0.023192    0.012864    0.250000   -0.020070    0.009464
5.26 5.36    4.326449    0.041667   -0.328986   -0.018719    0.083333    0.098090   -0.025578    0.125000   -0.058753    0.020043    0.166667    0.020393    0.018398    0.208333    0.022747    0.012888    0.250000   -0.019360    0.009191
5.27 5.37    4.306632    0.041667   -0.330356   -0.017061    0.083333    0.098684   -0.026067    0.125000   -0.058790    0.019878    0.166667    0.020024    0.020828    0.208333    0.021234    0.013189    0.250000   -0.017544    0.009286
5.28 5.38    4.287063    0.041667   -0.331813   -0.015508    0.083333    0.099088   -0.026941    0.125000   -0.058728    0.019574    0.166667    0.020598    0.023256    0.208333    0.020243    0.013702    0.250000   -0.016166    0.009963
5.29 5.39    4.267739    0.041667   -0.333581   -0.013744    0.083333    0.099070   -0.028351    0.125000   -0.058681    0.018957    0.166667    0.021274    0.025665    0.208333    0.019063    0.013927    0.250000   -0.015338    0.010215
5.30 5.40    4.248660    0.041667   -0.335562   -0.012735    0.083333    0.099820   -0.029066    0.125000   -0.058747    0.019047    0.166667    0.021422    0.028368    0.208333    0.018072    0.013657    0.250000   -0.014617    0.011189
5.31 5.41    4.229822    0.041667   -0.336544   -0.011023    0.083333    0.099914   -0.030931    0.125000   -0.058015    0.018131    0.166667    0.021771    0.030493    0.208333    0.016983    0.014541    0.250000   -0.013524    0.011640
5.32 5.42    4.211223    0.041667   -0.337252   -0.009417    0.083333    0.099925   -0.031871    0.125000   -0.057296    0.017260    0.166667    0.022426    0.032197    0.208333    0.015263    0.014872    0.250000   -0.013008    0.012159
5.33 5.43    4.192862    0.041667   -0.338251   -0.008090    0.083333    0.099900   -0.033042    0.125000   -0.057208    0.016202    0.166667    0.022058    0.034657    0.208333    0.014048    0.014883    0.250000   -0.011607    0.012261
5.34 5.44    4.174737    0.041667   -0.339222   -0.007052    0.083333    0.100290   -0.034207    0.125000   -0.057336    0.015259    0.166667    0.022066    0.037461    0.208333    0.013721    0.015776    0.250000   -0.010017    0.011939
5.35 5.45    4.156845    0.041667   -0.340229   -0.006393    0.083333    0.099836   -0.034834    0.125000   -0.057368    0.014689    0.166667    0.022517    0.039758    0.208333    0.013070    0.015087    0.250000   -0.009490    0.011361
5.36 5.46    4.139185    0.041667   -0.341009   -0.006100    0.083333    0.099394   -0.034734    0.125000   -0.057472    0.014863    0.166667    0.022334    0.041854    0.208333    0.012349    0.015015    0.250000   -0.008027    0.011805
5.37 5.47    4.121754    0.041667   -0.341453   -0.005810    0.083333    0.099464   -0.035036    0.125000   -0.057447    0.014591    0.166667    0.022930    0.044237    0.208333    0.011977    0.014747    0.250000   -0.007023    0.011331
5.38 5.48    4.104550    0.041667   -0.342419   -0.005088    0.083333    0.099978   -0.035079    0.125000   -0.057222    0.014318    0.166667    0.022971    0.046873    0.208333    0.011673    0.015335    0.250000   -0.005697    0.010672
5.39 5.49    4.087571    0.041667   -0.343042   -0.005310    0.083333    0.101231   -0.035027    0.125000   -0.057571    0.014412    0.166667    0.023030    0.049000    0.208333    0.011834    0.015672    0.250000   -0.003891    0.010123
5.40 5.50    4.070816    0.041667   -0.343252   -0.004914    0.083333    0.102094   -0.034519    0.125000   -0.057670    0.014535    0.166667    0.022863    0.051075    0.208333    0.011378    0.016092    0.250000   -0.002471    0.008550
5.41 5.51    4.054281    0.041667   -0.344503   -0.005706    0.083333    0.103033   -0.033412    0.125000   -0.057969    0.014897    0.166667    0.022851    0.053148    0.208333    0.011418    0.016233    0.250000   -0.000994    0.007772
5.42 5.52    4.037964    0.041667   -0.344980   -0.006120    0.083333    0.104172   -0.032118    0.125000   -0.059930    0.015267    0.166667    0.022465    0.055483    0.208333    0.012042    0.016450    0.250000    0.000226    0.006855
5.43 5.53    4.021865    0.041667   -0.345845   -0.006447    0.083333    0.105329   -0.031776    0.125000   -0.061149    0.016543    0.166667    0.022423    0.057318    0.208333    0.012121    0.017466    0.250000    0.001522    0.005751
5.44 5.54    4.005979    0.041667   -0.346580   -0.005869    0.083333    0.106014   -0.031138    0.125000   -0.062837    0.017445    0.166667    0.022856    0.058657    0.208333    0.011167    0.017717    0.250000    0.002637    0.005591
5.45 5.55    3.990307    0.041667   -0.347344   -0.005343    0.083333    0.106371   -0.030009    0.125000   -0.063744    0.018323    0.166667    0.022449    0.060244    0.208333    0.011037    0.018209    0.250000    0.004907    0.005161
5.46 5.56    3.974844    0.041667   -0.347614   -0.004828    0.083333    0.106854   -0.029703    0.125000   -0.064890    0.018851    0.166667    0.022361    0.061764    0.208333    0.010481    0.018651    0.250000    0.006422    0.004120
5.47 5.57    3.959589    0.041667   -0.348763   -0.003805    0.083333    0.107209   -0.028997    0.125000   -0.065787    0.019837    0.166667    0.021624    0.063834    0.208333    0.009679    0.018963    0.250000    0.008221    0.003530
5.48 5.58    3.944541    0.041667   -0.349761   -0.002668    0.083333    0.107497   -0.028849    0.125000   -0.066155    0.021021    0.166667    0.020804    0.065224    0.208333    0.008905    0.018960    0.250000    0.010088    0.002120
5.49 5.59    3.929696    0.041667   -0.351087   -0.001289    0.083333    0.107811   -0.028563    0.125000   -0.066004    0.022123    0.166667    0.020008    0.066924    0.208333    0.007803    0.018798    0.250000    0.011966    0.000254
5.50 5.60    3.915053    0.041667   -0.352504    0.000207    0.083333    0.108220   -0.028698    0.125000   -0.066398    0.023099    0.166667    0.019528    0.068985    0.208333    0.007192    0.018715    0.250000    0.013389   -0.000763
5.51 5.61    3.900609    0.041667   -0.354073    0.001989    0.083333    0.109531   -0.029062    0.125000   -0.066516    0.023472    0.166667    0.018918    0.071307    0.208333    0.005788    0.018423    0.250000    0.014892   -0.002586
5.52 5.62    3.886363    0.041667   -0.356255    0.003080    0.083333    0.110158   -0.029767    0.125000   -0.065594    0.023569    0.166667    0.018495    0.074140    0.208333    0.004402    0.018418    0.250000    0.016959   -0.004691
5.53 5.63    3.872313    0.041667   -0.357118    0.004075    0.083333    0.111057   -0.030113    0.125000   -0.064658    0.023278    0.166667    0.017916    0.077545    0.208333    0.003370    0.018023    0.250000    0.018850   -0.006208
5.54 5.64    3.858455    0.041667   -0.358139    0.005028    0.083333    0.112029   -0.030366    0.125000   -0.062870    0.022756    0.166667    0.017296    0.080596    0.208333    0.003056    0.017312    0.250000    0.020853   -0.008335
5.55 5.65    3.844789    0.041667   -0.358482    0.005400    0.083333    0.113152   -0.031052    0.125000   -0.062244    0.022333    0.166667    0.017135    0.083867    0.208333    0.002542    0.017279    0.250000    0.021974   -0.009803
5.56 5.66    3.831311    0.041667   -0.359975    0.005829    0.083333    0.114283   -0.031632    0.125000   -0.061637    0.021689    0.166667    0.016622    0.087135    0.208333    0.002050    0.016372    0.250000    0.023317   -0.011844
5.57 5.67    3.818021    0.041667   -0.361543    0.005520    0.083333    0.115738   -0.032132    0.125000   -0.061401    0.020719    0.166667    0.016506    0.090449    0.208333    0.001155    0.015641    0.250000    0.023808   -0.013572
5.58 5.68    3.804916    0.041667   -0.363183    0.005678    0.083333    0.116254   -0.031959    0.125000   -0.061322    0.019451    0.166667    0.016685    0.093604    0.208333    0.000307    0.014908    0.250000    0.024841   -0.014658
5.59 5.69    3.791993    0.041667   -0.364178    0.006008    0.083333    0.116885   -0.031849    0.125000   -0.061245    0.018545    0.166667    0.016223    0.097628    0.208333   -0.000792    0.013992    0.250000    0.025646   -0.015149
5.60 5.70    3.779251    0.041667   -0.364966    0.006067    0.083333    0.117676   -0.031769    0.125000   -0.060846    0.017685    0.166667    0.016297    0.101598    0.208333   -0.001385    0.012854    0.250000    0.027068   -0.015904
5.61 5.71    3.766687    0.041667   -0.366118    0.006089    0.083333    0.117540   -0.031942    0.125000   -0.060581    0.016743    0.166667    0.016850    0.105482    0.208333   -0.002122    0.011634    0.250000    0.029268   -0.016410
5.62 5.72    3.754300    0.041667   -0.366844    0.006530    0.083333    0.117323   -0.031868    0.125000   -0.059873    0.015652    0.166667    0.017902    0.108821    0.208333   -0.003507    0.010320    0.250000    0.031064   -0.016531
5.63 5.73    3.742088    0.041667   -0.367758    0.006854    0.083333    0.116814   -0.031432    0.125000   -0.059548    0.014517    0.166667    0.018499    0.112069    0.208333   -0.005364    0.009041    0.250000    0.032932   -0.017567
5.64 5.74    3.730048    0.041667   -0.368311    0.007384    0.083333    0.116194   -0.031621    0.125000   -0.059585    0.013962    0.166667    0.019075    0.115430    0.208333   -0.007608    0.008397    0.250000    0.034855   -0.018377
5.65 5.75    3.718179    0.041667   -0.368425    0.007772    0.083333    0.115209   -0.031778    0.125000   -0.058803    0.013935    0.166667    0.019271    0.118449    0.208333   -0.009498    0.007265    0.250000    0.037033   -0.019918
5.66 5.76    3.706478    0.041667   -0.366781    0.007717    0.083333    0.113077   -0.031504    0.125000   -0.057542    0.013440    0.166667    0.019152    0.120177    0.208333   -0.010670    0.007363    0.250000    0.039087   -0.020806
5.67 5.77    3.694944    0.041667   -0.362524    0.004659    0.083333    0.109487   -0.029874    0.125000   -0.053822    0.010564    0.166667    0.018027    0.120356    0.208333   -0.010123    0.010406    0.250000    0.039919   -0.023973
5.68 5.78    3.683574    0.041667   -0.367552    0.017006    0.083333    0.089832   -0.039418    0.125000   -0.053559    0.009743    0.166667    0.020984    0.129767    0.208333   -0.015290    0.008346    0.250000    0.043449   -0.029920
5.69 5.79    3.672367    0.041667   -0.372561    0.020741    0.083333    0.117077   -0.038275    0.125000   -0.061289    0.012942    0.166667    0.023710    0.134738    0.208333   -0.020693    0.005442    0.250000    0.053092   -0.025160
5.70 5.80    3.661321    0.041667   -0.374872    0.021664    0.083333    0.099424   -0.035405    0.125000   -0.056904    0.010119    0.166667    0.023010    0.138359    0.208333   -0.020541    0.005201    0.250000    0.057037   -0.030767
5.71 5.81    3.650433    0.041667   -0.378293    0.019525    0.083333    0.119068   -0.032730    0.125000   -0.056329    0.011998    0.166667    0.009323    0.145466    0.208333   -0.016544   -0.001845    0.250000    0.060033   -0.031166
5.72 5.82    3.639701    0.041667   -0.388744    0.007831    0.083333    0.142160   -0.024160    0.125000   -0.061042    0.009488    0.166667    0.016971    0.141646    0.208333   -0.015744    0.004255    0.250000    0.065396   -0.034124
5.73 5.83    3.629125    0.041667   -0.409203    0.008547    0.083333    0.161592   -0.023902    0.125000   -0.077099    0.011121    0.166667    0.023380    0.139250    0.208333   -0.018567    0.006871    0.250000    0.062124   -0.037517
5.74 5.84    3.618701    0.041667   -0.413307    0.008642    0.083333    0.166235   -0.022918    0.125000   -0.079011    0.011204    0.166667    0.023623    0.140560    0.208333   -0.018557    0.006864    0.250000    0.063713   -0.038854
5.75 5.85    3.608428    0.041667   -0.419234    0.009028    0.083333    0.173415   -0.021613    0.125000   -0.081930    0.010785    0.166667    0.024178    0.142281    0.208333   -0.018929    0.007096    0.250000    0.065765   -0.040185
5.76 5.86    3.598305    0.041667   -0.429092    0.009722    0.083333    0.185739   -0.020007    0.125000   -0.086600    0.010669    0.166667    0.025342    0.145643    0.208333   -0.019845    0.006572    0.250000    0.068983   -0.042446
5.77 5.87    3.588328    0.041667   -0.450581    0.014815    0.083333    0.211807   -0.019467    0.125000   -0.099273    0.014116    0.166667    0.029328    0.153971    0.208333   -0.023827    0.000742    0.250000    0.077232   -0.043644
5.78 5.88    3.578497    0.041667   -0.470879   -0.015515    0.083333    0.298836    0.007169    0.125000   -0.116433    0.017951    0.166667    0.025651    0.145858    0.208333   -0.017557    0.001743    0.250000    0.085097   -0.037313
5.79 5.89    3.568810    0.041667   -0.497704   -0.038703    0.083333    0.272909    0.019446    0.125000   -0.112914    0.007569    0.166667    0.019579    0.137348    0.208333   -0.001871    0.009929    0.250000    0.069709   -0.061039
5.80 5.90    3.559264    0.041667   -0.538353   -0.069324    0.083333    0.440369    0.028056    0.125000   -0.160071    0.019484    0.166667    0.021908    0.125242    0.208333    0.000321    0.013737    0.250000    0.064215   -0.051075
