2.30 2.40    6.836652    0.041667    0.424162   -0.112466    0.083333   -0.126500    0.148335    0.125000    0.069775   -0.280524    0.166667    0.032371    0.143115    0.208333   -0.149796   -0.181480    0.250000    0.225844   -0.032498
2.31 2.41    6.838162    0.041667    0.415018   -0.087560    0.083333   -0.138249    0.128364    0.125000    0.087843   -0.273651    0.166667    0.024621    0.144710    0.208333   -0.127650   -0.170902    0.250000    0.202754   -0.021504
2.32 2.42    6.846889    0.041667    0.406420   -0.057332    0.083333   -0.149906    0.102223    0.125000    0.100862   -0.265641    0.166667    0.018502    0.140211    0.208333   -0.104676   -0.158657    0.250000    0.174251   -0.010260
2.33 2.43    6.860164    0.041667    0.394676   -0.023260    0.083333   -0.161838    0.074991    0.125000    0.113592   -0.255591    0.166667    0.012878    0.135090    0.208333   -0.078787   -0.145585    0.250000    0.139109    0.001721
2.34 2.44    6.864220    0.041667    0.383863   -0.003193    0.083333   -0.161235    0.051516    0.125000    0.122489   -0.234100    0.166667   -0.000284    0.127279    0.208333   -0.052407   -0.146898    0.250000    0.114892    0.016803
2.35 2.45    6.857333    0.041667    0.377654    0.008323    0.083333   -0.162001    0.034433    0.125000    0.128713   -0.214726    0.166667   -0.010102    0.123256    0.208333   -0.032374   -0.149520    0.250000    0.099011    0.030077
2.36 2.46    6.848277    0.041667    0.369490    0.022279    0.083333   -0.158354    0.020042    0.125000    0.136639   -0.195563    0.166667   -0.017298    0.115121    0.208333   -0.014075   -0.152051    0.250000    0.084105    0.040177
2.37 2.47    6.840710    0.041667    0.361017    0.033450    0.083333   -0.156748    0.008677    0.125000    0.142412   -0.175617    0.166667   -0.026880    0.108250    0.208333    0.002712   -0.149963    0.250000    0.070544    0.049858
2.38 2.48    6.828559    0.041667    0.353247    0.042965    0.083333   -0.155101   -0.002036    0.125000    0.148834   -0.157419    0.166667   -0.032829    0.103102    0.208333    0.017177   -0.146429    0.250000    0.059842    0.057428
2.39 2.49    6.817099    0.041667    0.346225    0.050275    0.083333   -0.155045   -0.009874    0.125000    0.154095   -0.141870    0.166667   -0.038975    0.099783    0.208333    0.030290   -0.144309    0.250000    0.053165    0.065000
2.40 2.50    6.802395    0.041667    0.342730    0.057930    0.083333   -0.156675   -0.015886    0.125000    0.159027   -0.130484    0.166667   -0.043995    0.100252    0.208333    0.037290   -0.141620    0.250000    0.047040    0.067609
2.41 2.51    6.775199    0.041667    0.343981    0.064957    0.083333   -0.160025   -0.018408    0.125000    0.159662   -0.124755    0.166667   -0.041850    0.104008    0.208333    0.040506   -0.141626    0.250000    0.048521    0.070224
2.42 2.52    6.740613    0.041667    0.345539    0.071691    0.083333   -0.163268   -0.012783    0.125000    0.161070   -0.124022    0.166667   -0.037094    0.112044    0.208333    0.038738   -0.138328    0.250000    0.052657    0.069617
2.43 2.53    6.703928    0.041667    0.349260    0.074655    0.083333   -0.167931   -0.005264    0.125000    0.161525   -0.126308    0.166667   -0.031127    0.119439    0.208333    0.033392   -0.134708    0.250000    0.061715    0.066139
2.44 2.54    6.673592    0.041667    0.348844    0.078864    0.083333   -0.169878   -0.001603    0.125000    0.161122   -0.127256    0.166667   -0.024158    0.123230    0.208333    0.029747   -0.131758    0.250000    0.065893    0.064882
2.45 2.55    6.655397    0.041667    0.343331    0.082554    0.083333   -0.168558   -0.003280    0.125000    0.161755   -0.121708    0.166667   -0.026983    0.121910    0.208333    0.028347   -0.127486    0.250000    0.063902    0.063916
2.46 2.56    6.633914    0.041667    0.340200    0.082228    0.083333   -0.171253   -0.005093    0.125000    0.161361   -0.115889    0.166667   -0.028174    0.124034    0.208333    0.029107   -0.122037    0.250000    0.063481    0.065945
2.47 2.57    6.604817    0.041667    0.334068    0.086239    0.083333   -0.172305   -0.007340    0.125000    0.162147   -0.112372    0.166667   -0.025532    0.127401    0.208333    0.029434   -0.119641    0.250000    0.061157    0.067983
2.48 2.58    6.575787    0.041667    0.328874    0.092334    0.083333   -0.177035   -0.008478    0.125000    0.162818   -0.109585    0.166667   -0.026025    0.127081    0.208333    0.030442   -0.116630    0.250000    0.057353    0.069730
2.49 2.59    6.547817    0.041667    0.322818    0.098848    0.083333   -0.180229   -0.009868    0.125000    0.161028   -0.106215    0.166667   -0.026764    0.124295    0.208333    0.028754   -0.110739    0.250000    0.052655    0.071650
2.50 2.60    6.526342    0.041667    0.317252    0.101615    0.083333   -0.180175   -0.012025    0.125000    0.159534   -0.102468    0.166667   -0.026258    0.117040    0.208333    0.026755   -0.106535    0.250000    0.049524    0.072526
2.51 2.61    6.511270    0.041667    0.314449    0.104873    0.083333   -0.181621   -0.012291    0.125000    0.156280   -0.098631    0.166667   -0.027782    0.106689    0.208333    0.025972   -0.102257    0.250000    0.044564    0.070615
2.52 2.62    6.495278    0.041667    0.311327    0.106217    0.083333   -0.183134   -0.014470    0.125000    0.153809   -0.092653    0.166667   -0.027919    0.098365    0.208333    0.028633   -0.100190    0.250000    0.038808    0.069872
2.53 2.63    6.470835    0.041667    0.308124    0.108817    0.083333   -0.184407   -0.016526    0.125000    0.152328   -0.087723    0.166667   -0.027051    0.092505    0.208333    0.030713   -0.096992    0.250000    0.035364    0.069392
2.54 2.64    6.447884    0.041667    0.306133    0.112661    0.083333   -0.185476   -0.017831    0.125000    0.150783   -0.082720    0.166667   -0.026925    0.086783    0.208333    0.029155   -0.093363    0.250000    0.031265    0.069471
2.55 2.65    6.426285    0.041667    0.302671    0.116422    0.083333   -0.187897   -0.017096    0.125000    0.148761   -0.078052    0.166667   -0.028628    0.082299    0.208333    0.030562   -0.089024    0.250000    0.026079    0.069849
2.56 2.66    6.407442    0.041667    0.300585    0.120103    0.083333   -0.188935   -0.016235    0.125000    0.148509   -0.074772    0.166667   -0.029785    0.077010    0.208333    0.031954   -0.088297    0.250000    0.022635    0.068260
2.57 2.67    6.395536    0.041667    0.299739    0.120004    0.083333   -0.188526   -0.013668    0.125000    0.145677   -0.068871    0.166667   -0.032998    0.069943    0.208333    0.032621   -0.086485    0.250000    0.021333    0.066652
2.58 2.68    6.381909    0.041667    0.296526    0.119208    0.083333   -0.186636   -0.012595    0.125000    0.142247   -0.063804    0.166667   -0.032288    0.066920    0.208333    0.034234   -0.087059    0.250000    0.023256    0.064821
2.59 2.69    6.361934    0.041667    0.290964    0.121752    0.083333   -0.184817   -0.009319    0.125000    0.140132   -0.060053    0.166667   -0.031834    0.063945    0.208333    0.036093   -0.086869    0.250000    0.022383    0.062762
2.60 2.70    6.341418    0.041667    0.285213    0.124597    0.083333   -0.184173   -0.006381    0.125000    0.136687   -0.056175    0.166667   -0.031425    0.063663    0.208333    0.037798   -0.087409    0.250000    0.021278    0.061448
2.61 2.71    6.320181    0.041667    0.278695    0.125106    0.083333   -0.182073   -0.006327    0.125000    0.132575   -0.052623    0.166667   -0.027704    0.064134    0.208333    0.036705   -0.087005    0.250000    0.021831    0.064464
2.62 2.72    6.302022    0.041667    0.275026    0.126572    0.083333   -0.179357   -0.005171    0.125000    0.127911   -0.051848    0.166667   -0.024962    0.063683    0.208333    0.035750   -0.085541    0.250000    0.022525    0.066245
2.63 2.73    6.288186    0.041667    0.272075    0.128294    0.083333   -0.177482   -0.003772    0.125000    0.122295   -0.049796    0.166667   -0.020652    0.061339    0.208333    0.036011   -0.083785    0.250000    0.022214    0.067404
2.64 2.74    6.271389    0.041667    0.268404    0.129170    0.083333   -0.176155   -0.001958    0.125000    0.118953   -0.046704    0.166667   -0.016621    0.062317    0.208333    0.038519   -0.082481    0.250000    0.023148    0.068019
2.65 2.75    6.246358    0.041667    0.267373    0.134254    0.083333   -0.174576   -0.003612    0.125000    0.118395   -0.045746    0.166667   -0.011679    0.060975    0.208333    0.037311   -0.081826    0.250000    0.024959    0.070464
2.66 2.76    6.216446    0.041667    0.264988    0.141095    0.083333   -0.172898   -0.004374    0.125000    0.114891   -0.042882    0.166667   -0.008122    0.060036    0.208333    0.034227   -0.079608    0.250000    0.024927    0.073760
2.67 2.77    6.188049    0.041667    0.262020    0.147822    0.083333   -0.172811   -0.004860    0.125000    0.113377   -0.041618    0.166667   -0.002645    0.060658    0.208333    0.034358   -0.078639    0.250000    0.025413    0.077511
2.68 2.78    6.163041    0.041667    0.259647    0.154922    0.083333   -0.172100   -0.004572    0.125000    0.111801   -0.039728    0.166667    0.003120    0.059329    0.208333    0.033588   -0.075452    0.250000    0.025835    0.082746
2.69 2.79    6.143232    0.041667    0.260084    0.160610    0.083333   -0.170442   -0.005662    0.125000    0.111763   -0.038030    0.166667    0.011125    0.058589    0.208333    0.036132   -0.073778    0.250000    0.025531    0.087340
2.70 2.80    6.122217    0.041667    0.260026    0.167043    0.083333   -0.170321   -0.006152    0.125000    0.112525   -0.032706    0.166667    0.020772    0.055959    0.208333    0.038753   -0.071100    0.250000    0.026057    0.090145
2.71 2.81    6.096527    0.041667    0.258040    0.175288    0.083333   -0.168788   -0.003528    0.125000    0.117146   -0.028852    0.166667    0.026510    0.052238    0.208333    0.040068   -0.068722    0.250000    0.026450    0.089854
2.72 2.82    6.065561    0.041667    0.254025    0.184625    0.083333   -0.169546   -0.000753    0.125000    0.118443   -0.024230    0.166667    0.032694    0.049787    0.208333    0.040897   -0.065936    0.250000    0.025639    0.089385
2.73 2.83    6.037169    0.041667    0.249668    0.193511    0.083333   -0.168079    0.001609    0.125000    0.121271   -0.020916    0.166667    0.038581    0.047268    0.208333    0.041590   -0.063445    0.250000    0.025777    0.088382
2.74 2.84    6.012408    0.041667    0.245674    0.200661    0.083333   -0.168015    0.003256    0.125000    0.121307   -0.020880    0.166667    0.042534    0.042699    0.208333    0.040423   -0.058354    0.250000    0.025858    0.088817
2.75 2.85    5.992760    0.041667    0.239477    0.204481    0.083333   -0.165604    0.005406    0.125000    0.119720   -0.019071    0.166667    0.046129    0.041360    0.208333    0.041677   -0.051835    0.250000    0.027477    0.086958
2.76 2.86    5.981899    0.041667    0.233653    0.207221    0.083333   -0.163700    0.007292    0.125000    0.118698   -0.016871    0.166667    0.049379    0.038681    0.208333    0.042859   -0.044729    0.250000    0.029547    0.084931
2.77 2.87    5.966423    0.041667    0.228258    0.210204    0.083333   -0.162485    0.010177    0.125000    0.116828   -0.015243    0.166667    0.051797    0.034428    0.208333    0.043155   -0.038144    0.250000    0.032810    0.082394
2.78 2.88    5.942296    0.041667    0.224909    0.215264    0.083333   -0.161684    0.011285    0.125000    0.117091   -0.014157    0.166667    0.053996    0.030934    0.208333    0.043757   -0.033035    0.250000    0.035326    0.079806
2.79 2.89    5.915058    0.041667    0.221523    0.219531    0.083333   -0.164377    0.011461    0.125000    0.115414   -0.012870    0.166667    0.053373    0.027497    0.208333    0.041998   -0.027709    0.250000    0.035255    0.080177
2.80 2.90    5.887825    0.041667    0.216843    0.224766    0.083333   -0.164958    0.011160    0.125000    0.112793   -0.014371    0.166667    0.050545    0.024279    0.208333    0.039478   -0.022927    0.250000    0.035258    0.080203
2.81 2.91    5.866211    0.041667    0.213627    0.228149    0.083333   -0.166244    0.010607    0.125000    0.108574   -0.013837    0.166667    0.049920    0.022856    0.208333    0.041059   -0.018244    0.250000    0.035323    0.081340
2.82 2.92    5.854048    0.041667    0.211129    0.227553    0.083333   -0.165861    0.011985    0.125000    0.106287   -0.013213    0.166667    0.048773    0.022237    0.208333    0.041855   -0.013887    0.250000    0.037553    0.082790
2.83 2.93    5.839956    0.041667    0.208249    0.228986    0.083333   -0.164503    0.013213    0.125000    0.103200   -0.010703    0.166667    0.046704    0.023299    0.208333    0.039755   -0.012558    0.250000    0.038047    0.083921
2.84 2.94    5.822058    0.041667    0.203458    0.231754    0.083333   -0.162900    0.015981    0.125000    0.103072   -0.007534    0.166667    0.045835    0.023433    0.208333    0.039763   -0.010773    0.250000    0.038672    0.084775
2.85 2.95    5.795607    0.041667    0.198331    0.236241    0.083333   -0.163050    0.018813    0.125000    0.101585   -0.005269    0.166667    0.046479    0.021822    0.208333    0.039337   -0.011914    0.250000    0.036791    0.087091
2.86 2.96    5.765424    0.041667    0.192206    0.241125    0.083333   -0.161593    0.022423    0.125000    0.100891   -0.005252    0.166667    0.047218    0.021341    0.208333    0.038609   -0.016375    0.250000    0.034374    0.090947
2.87 2.97    5.736585    0.041667    0.186782    0.247846    0.083333   -0.159135    0.025696    0.125000    0.101639   -0.003511    0.166667    0.047067    0.021482    0.208333    0.037740   -0.020190    0.250000    0.029705    0.093742
2.88 2.98    5.715275    0.041667    0.180521    0.250839    0.083333   -0.157130    0.029132    0.125000    0.101926   -0.002915    0.166667    0.046061    0.021926    0.208333    0.035687   -0.021318    0.250000    0.024513    0.096357
2.89 2.99    5.697863    0.041667    0.177116    0.254207    0.083333   -0.152052    0.032155    0.125000    0.104406   -0.001943    0.166667    0.045923    0.022245    0.208333    0.034175   -0.022402    0.250000    0.023125    0.094939
2.90 3.00    5.680501    0.041667    0.176217    0.254993    0.083333   -0.149570    0.034036    0.125000    0.106686    0.001298    0.166667    0.044684    0.021164    0.208333    0.033592   -0.022548    0.250000    0.021228    0.092556
2.91 3.01    5.661915    0.041667    0.174242    0.255005    0.083333   -0.147273    0.034002    0.125000    0.106873    0.002200    0.166667    0.041328    0.019024    0.208333    0.030145   -0.022038    0.250000    0.019034    0.089924
2.92 3.02    5.630491    0.041667    0.171787    0.259717    0.083333   -0.145588    0.032370    0.125000    0.107127    0.002496    0.166667    0.037977    0.015033    0.208333    0.027496   -0.022023    0.250000    0.016535    0.088703
2.93 3.03    5.596551    0.041667    0.167955    0.263851    0.083333   -0.145724    0.031646    0.125000    0.108179    0.002962    0.166667    0.035252    0.010758    0.208333    0.028155   -0.018429    0.250000    0.016771    0.088543
2.94 3.04    5.565437    0.041667    0.166564    0.268552    0.083333   -0.145847    0.029952    0.125000    0.107740    0.004356    0.166667    0.032416    0.007563    0.208333    0.026640   -0.014289    0.250000    0.017519    0.087572
2.95 3.05    5.545352    0.041667    0.166195    0.270556    0.083333   -0.146174    0.027784    0.125000    0.108250    0.006709    0.166667    0.027334    0.005486    0.208333    0.022892   -0.010503    0.250000    0.020156    0.085250
2.96 3.06    5.526272    0.041667    0.165283    0.272391    0.083333   -0.147984    0.026784    0.125000    0.107282    0.011125    0.166667    0.024660    0.005571    0.208333    0.019774   -0.004598    0.250000    0.024936    0.081326
2.97 3.07    5.508381    0.041667    0.162491    0.274528    0.083333   -0.148859    0.024598    0.125000    0.103307    0.015664    0.166667    0.023148    0.004161    0.208333    0.018122    0.000754    0.250000    0.031208    0.078342
2.98 3.08    5.489355    0.041667    0.160748    0.278567    0.083333   -0.150035    0.024633    0.125000    0.099729    0.021684    0.166667    0.021098    0.002748    0.208333    0.015862    0.005158    0.250000    0.038777    0.073243
2.99 3.09    5.461605    0.041667    0.153775    0.281713    0.083333   -0.151502    0.023673    0.125000    0.094391    0.025624    0.166667    0.019350    0.002282    0.208333    0.014874    0.009162    0.250000    0.043739    0.070767
3.00 3.10    5.429969    0.041667    0.143336    0.286091    0.083333   -0.151098    0.024681    0.125000    0.089431    0.029405    0.166667    0.019900    0.004141    0.208333    0.015825    0.011444    0.250000    0.048482    0.069754
3.01 3.11    5.399130    0.041667    0.134059    0.293382    0.083333   -0.149667    0.026904    0.125000    0.086879    0.034682    0.166667    0.022749    0.005481    0.208333    0.018401    0.012893    0.250000    0.053737    0.067824
3.02 3.12    5.380116    0.041667    0.127777    0.298328    0.083333   -0.149696    0.030103    0.125000    0.084798    0.037693    0.166667    0.024524    0.007196    0.208333    0.019878    0.015292    0.250000    0.059871    0.065161
3.03 3.13    5.362756    0.041667    0.122956    0.303585    0.083333   -0.150066    0.034130    0.125000    0.081740    0.042075    0.166667    0.025859    0.009284    0.208333    0.021635    0.017351    0.250000    0.066035    0.061619
3.04 3.14    5.346322    0.041667    0.117125    0.308809    0.083333   -0.150567    0.038328    0.125000    0.077899    0.046170    0.166667    0.027920    0.009722    0.208333    0.023436    0.018277    0.250000    0.069705    0.060321
3.05 3.15    5.330659    0.041667    0.114217    0.313794    0.083333   -0.151530    0.042627    0.125000    0.074139    0.048714    0.166667    0.028705    0.010164    0.208333    0.025428    0.019659    0.250000    0.072710    0.059905
3.06 3.16    5.304092    0.041667    0.107047    0.319218    0.083333   -0.151262    0.044605    0.125000    0.073238    0.048764    0.166667    0.028818    0.008871    0.208333    0.030595    0.019899    0.250000    0.074153    0.062199
3.07 3.17    5.274620    0.041667    0.099891    0.322911    0.083333   -0.151776    0.045228    0.125000    0.072131    0.049521    0.166667    0.028081    0.009984    0.208333    0.033131    0.022029    0.250000    0.074907    0.063664
3.08 3.18    5.249618    0.041667    0.091170    0.326748    0.083333   -0.148849    0.043550    0.125000    0.070180    0.051117    0.166667    0.031392    0.007881    0.208333    0.034456    0.025015    0.250000    0.073643    0.064102
3.09 3.19    5.236187    0.041667    0.086661    0.330999    0.083333   -0.145867    0.043658    0.125000    0.067761    0.057061    0.166667    0.035485    0.003389    0.208333    0.032600    0.028025    0.250000    0.074664    0.061606
3.10 3.20    5.225137    0.041667    0.083341    0.333930    0.083333   -0.144764    0.041322    0.125000    0.066376    0.059762    0.166667    0.035469   -0.000194    0.208333    0.028870    0.030014    0.250000    0.074987    0.060495
3.11 3.21    5.212324    0.041667    0.079617    0.336013    0.083333   -0.145041    0.042267    0.125000    0.063347    0.061586    0.166667    0.036664   -0.003536    0.208333    0.024937    0.031863    0.250000    0.073478    0.059533
3.12 3.22    5.198703    0.041667    0.076417    0.336869    0.083333   -0.143607    0.042000    0.125000    0.059563    0.064722    0.166667    0.039725   -0.006239    0.208333    0.021177    0.033679    0.250000    0.072130    0.059429
3.13 3.23    5.182496    0.041667    0.072105    0.336812    0.083333   -0.142384    0.039932    0.125000    0.057038    0.065337    0.166667    0.043148   -0.008349    0.208333    0.015629    0.036078    0.250000    0.068888    0.058990
3.14 3.24    5.156539    0.041667    0.064227    0.336991    0.083333   -0.141908    0.037844    0.125000    0.054048    0.065680    0.166667    0.043428   -0.010367    0.208333    0.012832    0.037188    0.250000    0.066334    0.058528
3.15 3.25    5.129760    0.041667    0.053385    0.335963    0.083333   -0.142057    0.035660    0.125000    0.050905    0.065814    0.166667    0.044413   -0.013005    0.208333    0.010747    0.037819    0.250000    0.063203    0.056851
3.16 3.26    5.111497    0.041667    0.047581    0.336487    0.083333   -0.142067    0.035369    0.125000    0.046786    0.066749    0.166667    0.045042   -0.015587    0.208333    0.005977    0.038984    0.250000    0.060951    0.052543
3.17 3.27    5.095886    0.041667    0.042881    0.337515    0.083333   -0.140218    0.035988    0.125000    0.044614    0.064923    0.166667    0.046341   -0.018989    0.208333    0.002458    0.037636    0.250000    0.058984    0.048720
3.18 3.28    5.077875    0.041667    0.039662    0.338589    0.083333   -0.141131    0.035821    0.125000    0.042644    0.062488    0.166667    0.044654   -0.020326    0.208333   -0.000884    0.035489    0.250000    0.057222    0.047669
3.19 3.29    5.058689    0.041667    0.036389    0.339501    0.083333   -0.142835    0.036144    0.125000    0.042848    0.057772    0.166667    0.041770   -0.017858    0.208333   -0.002284    0.034048    0.250000    0.054793    0.048298
3.20 3.30    5.038038    0.041667    0.031605    0.342012    0.083333   -0.144729    0.038271    0.125000    0.040469    0.054895    0.166667    0.041467   -0.016125    0.208333   -0.002861    0.034753    0.250000    0.054604    0.048485
3.21 3.31    5.014483    0.041667    0.025662    0.342366    0.083333   -0.144509    0.036836    0.125000    0.039308    0.051654    0.166667    0.039480   -0.015616    0.208333   -0.004308    0.034667    0.250000    0.054035    0.049042
3.22 3.32    4.986207    0.041667    0.017118    0.343792    0.083333   -0.144705    0.035883    0.125000    0.037408    0.049062    0.166667    0.037328   -0.015559    0.208333   -0.005503    0.033443    0.250000    0.052593    0.049993
3.23 3.33    4.960928    0.041667    0.009918    0.344730    0.083333   -0.144826    0.035849    0.125000    0.035362    0.047481    0.166667    0.033677   -0.015467    0.208333   -0.005008    0.032306    0.250000    0.052358    0.050888
3.24 3.34    4.940210    0.041667    0.005685    0.347451    0.083333   -0.145760    0.035941    0.125000    0.035328    0.046947    0.166667    0.032976   -0.014970    0.208333   -0.008423    0.031888    0.250000    0.050682    0.051231
3.25 3.35    4.922370    0.041667    0.004554    0.350801    0.083333   -0.143780    0.036079    0.125000    0.034676    0.046735    0.166667    0.034147   -0.015423    0.208333   -0.010927    0.032288    0.250000    0.049879    0.050681
3.26 3.36    4.905091    0.041667    0.002051    0.353192    0.083333   -0.142181    0.035718    0.125000    0.034115    0.045605    0.166667    0.035017   -0.016248    0.208333   -0.013561    0.031492    0.250000    0.047351    0.050710
3.27 3.37    4.890023    0.041667   -0.000004    0.354400    0.083333   -0.143239    0.036846    0.125000    0.030684    0.044676    0.166667    0.035641   -0.015131    0.208333   -0.014696    0.032040    0.250000    0.044082    0.050487
3.28 3.38    4.872056    0.041667   -0.002339    0.354720    0.083333   -0.143568    0.037498    0.125000    0.028397    0.044131    0.166667    0.035073   -0.014066    0.208333   -0.015606    0.031999    0.250000    0.042763    0.049566
3.29 3.39    4.847783    0.041667   -0.007531    0.355405    0.083333   -0.142006    0.035718    0.125000    0.024940    0.044722    0.166667    0.035637   -0.016618    0.208333   -0.016174    0.029782    0.250000    0.041231    0.049067
3.30 3.40    4.822665    0.041667   -0.013112    0.354795    0.083333   -0.139652    0.034414    0.125000    0.021794    0.044443    0.166667    0.034347   -0.018295    0.208333   -0.017139    0.027934    0.250000    0.038574    0.048827
3.31 3.41    4.801124    0.041667   -0.016541    0.357434    0.083333   -0.138944    0.033664    0.125000    0.020133    0.044103    0.166667    0.034023   -0.019148    0.208333   -0.017278    0.026642    0.250000    0.036104    0.048464
3.32 3.42    4.785511    0.041667   -0.017121    0.359552    0.083333   -0.139572    0.033122    0.125000    0.020066    0.043958    0.166667    0.033855   -0.019806    0.208333   -0.017419    0.025514    0.250000    0.033832    0.045641
3.33 3.43    4.771158    0.041667   -0.016378    0.361520    0.083333   -0.139187    0.031377    0.125000    0.018885    0.043702    0.166667    0.033922   -0.020676    0.208333   -0.020101    0.023237    0.250000    0.031366    0.044568
3.34 3.44    4.758150    0.041667   -0.014534    0.362653    0.083333   -0.138181    0.029537    0.125000    0.017114    0.043586    0.166667    0.032968   -0.020053    0.208333   -0.021024    0.021885    0.250000    0.030996    0.042282
3.35 3.45    4.744449    0.041667   -0.012949    0.362540    0.083333   -0.138116    0.026692    0.125000    0.016286    0.043102    0.166667    0.031123   -0.019425    0.208333   -0.022103    0.020408    0.250000    0.030244    0.042409
3.36 3.46    4.731250    0.041667   -0.010141    0.362523    0.083333   -0.138672    0.023430    0.125000    0.015861    0.043685    0.166667    0.029426   -0.017150    0.208333   -0.022624    0.019091    0.250000    0.030250    0.042068
3.37 3.47    4.707166    0.041667   -0.012848    0.363274    0.083333   -0.137939    0.020500    0.125000    0.017024    0.045107    0.166667    0.028513   -0.017076    0.208333   -0.022906    0.018364    0.250000    0.031313    0.043012
3.38 3.48    4.686263    0.041667   -0.013752    0.362010    0.083333   -0.138326    0.017335    0.125000    0.017330    0.045060    0.166667    0.028311   -0.017097    0.208333   -0.022155    0.017374    0.250000    0.030340    0.042336
3.39 3.49    4.671554    0.041667   -0.012182    0.360835    0.083333   -0.139505    0.018866    0.125000    0.017923    0.044672    0.166667    0.026731   -0.015641    0.208333   -0.021503    0.017400    0.250000    0.029778    0.041629
3.40 3.50    4.660067    0.041667   -0.009042    0.360114    0.083333   -0.140257    0.018083    0.125000    0.019193    0.045779    0.166667    0.027542   -0.015496    0.208333   -0.021890    0.016712    0.250000    0.028551    0.039697
3.41 3.51    4.650532    0.041667   -0.005915    0.358118    0.083333   -0.139905    0.016406    0.125000    0.019853    0.047330    0.166667    0.027678   -0.013931    0.208333   -0.021866    0.016154    0.250000    0.028307    0.036788
3.42 3.52    4.638337    0.041667   -0.005831    0.355515    0.083333   -0.139743    0.015521    0.125000    0.019854    0.049210    0.166667    0.027779   -0.011307    0.208333   -0.022634    0.016913    0.250000    0.027992    0.036539
3.43 3.53    4.626411    0.041667   -0.005974    0.352644    0.083333   -0.139704    0.013717    0.125000    0.020876    0.049985    0.166667    0.027171   -0.009496    0.208333   -0.021454    0.018769    0.250000    0.027979    0.036159
3.44 3.54    4.615376    0.041667   -0.006300    0.348615    0.083333   -0.138320    0.012664    0.125000    0.021343    0.049548    0.166667    0.026990   -0.008025    0.208333   -0.020874    0.020550    0.250000    0.026834    0.034328
3.45 3.55    4.597594    0.041667   -0.010784    0.346015    0.083333   -0.137175    0.011160    0.125000    0.021175    0.048293    0.166667    0.027260   -0.007417    0.208333   -0.018660    0.021368    0.250000    0.026277    0.031737
3.46 3.56    4.573156    0.041667   -0.016034    0.344551    0.083333   -0.134808    0.011183    0.125000    0.020519    0.047399    0.166667    0.026108   -0.007477    0.208333   -0.016539    0.021811    0.250000    0.024826    0.029693
3.47 3.57    4.558601    0.041667   -0.018935    0.343004    0.083333   -0.133713    0.008707    0.125000    0.020028    0.045848    0.166667    0.023874   -0.006182    0.208333   -0.017102    0.021208    0.250000    0.023383    0.026966
3.48 3.58    4.543535    0.041667   -0.021311    0.344277    0.083333   -0.131411    0.009122    0.125000    0.019348    0.045262    0.166667    0.021557   -0.003673    0.208333   -0.017389    0.021059    0.250000    0.021756    0.023835
3.49 3.59    4.529408    0.041667   -0.023756    0.344645    0.083333   -0.131181    0.006761    0.125000    0.018762    0.045127    0.166667    0.020425   -0.001602    0.208333   -0.020453    0.021399    0.250000    0.019739    0.021161
3.50 3.60    4.514868    0.041667   -0.027111    0.344758    0.083333   -0.130179    0.005837    0.125000    0.018479    0.043704    0.166667    0.018016    0.001492    0.208333   -0.021509    0.021401    0.250000    0.017995    0.018497
3.51 3.61    4.498450    0.041667   -0.031098    0.344088    0.083333   -0.130765    0.005670    0.125000    0.016032    0.041993    0.166667    0.014814    0.002164    0.208333   -0.022112    0.021437    0.250000    0.016256    0.018476
3.52 3.62    4.483865    0.041667   -0.031949    0.343897    0.083333   -0.129702    0.005983    0.125000    0.013291    0.038099    0.166667    0.011768    0.000784    0.208333   -0.021743    0.019548    0.250000    0.014584    0.016761
3.53 3.63    4.466271    0.041667   -0.033668    0.344570    0.083333   -0.128935    0.006422    0.125000    0.011830    0.036535    0.166667    0.009647   -0.000529    0.208333   -0.022735    0.016627    0.250000    0.012639    0.014063
3.54 3.64    4.437830    0.041667   -0.040595    0.345652    0.083333   -0.128915    0.005268    0.125000    0.011218    0.034601    0.166667    0.007044   -0.001262    0.208333   -0.021503    0.013623    0.250000    0.011542    0.013288
3.55 3.65    4.415074    0.041667   -0.044181    0.345693    0.083333   -0.129785    0.004160    0.125000    0.011359    0.033865    0.166667    0.006058    0.000224    0.208333   -0.021484    0.010524    0.250000    0.010360    0.011536
3.56 3.66    4.397936    0.041667   -0.047152    0.347413    0.083333   -0.131481    0.002908    0.125000    0.010537    0.031389    0.166667    0.005901   -0.000421    0.208333   -0.022008    0.009619    0.250000    0.009967    0.009417
3.57 3.67    4.381285    0.041667   -0.047708    0.348164    0.083333   -0.133761    0.002634    0.125000    0.009433    0.028953    0.166667    0.006254   -0.002514    0.208333   -0.022671    0.007227    0.250000    0.008435    0.007676
3.58 3.68    4.366601    0.041667   -0.049645    0.348114    0.083333   -0.134830    0.002920    0.125000    0.009626    0.026277    0.166667    0.006940   -0.005598    0.208333   -0.025189    0.004756    0.250000    0.006649    0.008921
3.59 3.69    4.352900    0.041667   -0.050213    0.347277    0.083333   -0.134753    0.002515    0.125000    0.009285    0.022941    0.166667    0.008521   -0.008705    0.208333   -0.025252    0.001172    0.250000    0.005282    0.010551
3.60 3.70    4.340344    0.041667   -0.050073    0.345523    0.083333   -0.134165    0.001861    0.125000    0.008980    0.021142    0.166667    0.010136   -0.012889    0.208333   -0.026651   -0.002817    0.250000    0.004755    0.011523
3.61 3.71    4.328163    0.041667   -0.049501    0.344947    0.083333   -0.132716    0.002919    0.125000    0.011308    0.019670    0.166667    0.012722   -0.015716    0.208333   -0.027276   -0.004379    0.250000    0.003032    0.011403
3.62 3.72    4.311354    0.041667   -0.051436    0.343936    0.083333   -0.131819    0.000890    0.125000    0.013666    0.018733    0.166667    0.015871   -0.018810    0.208333   -0.027734   -0.005379    0.250000    0.001505    0.012159
3.63 3.73    4.290208    0.041667   -0.056439    0.343229    0.083333   -0.131814    0.001017    0.125000    0.014077    0.016029    0.166667    0.018122   -0.021198    0.208333   -0.027004   -0.007199    0.250000   -0.000820    0.012600
3.64 3.74    4.280307    0.041667   -0.056075    0.342685    0.083333   -0.130398    0.002241    0.125000    0.013094    0.013613    0.166667    0.021077   -0.022977    0.208333   -0.027078   -0.007381    0.250000   -0.003819    0.013875
3.65 3.75    4.269547    0.041667   -0.055295    0.341701    0.083333   -0.127939    0.004543    0.125000    0.012197    0.011121    0.166667    0.023114   -0.024964    0.208333   -0.026166   -0.007633    0.250000   -0.007621    0.015599
3.66 3.76    4.258678    0.041667   -0.055214    0.339093    0.083333   -0.125534    0.005950    0.125000    0.012971    0.010495    0.166667    0.025395   -0.025910    0.208333   -0.026463   -0.008984    0.250000   -0.010960    0.017956
3.67 3.77    4.246477    0.041667   -0.055145    0.337417    0.083333   -0.122773    0.008526    0.125000    0.013457    0.009224    0.166667    0.027572   -0.025677    0.208333   -0.025187   -0.008334    0.250000   -0.014179    0.019155
3.68 3.78    4.232769    0.041667   -0.054950    0.334551    0.083333   -0.120050    0.007729    0.125000    0.014429    0.008567    0.166667    0.029439   -0.024902    0.208333   -0.023232   -0.008370    0.250000   -0.015693    0.017776
3.69 3.79    4.217885    0.041667   -0.055562    0.332536    0.083333   -0.116492    0.007298    0.125000    0.014091    0.008374    0.166667    0.028800   -0.023093    0.208333   -0.021822   -0.006742    0.250000   -0.016170    0.016517
3.70 3.80    4.202592    0.041667   -0.055377    0.330833    0.083333   -0.114437    0.006436    0.125000    0.014754    0.007416    0.166667    0.029201   -0.022072    0.208333   -0.021051   -0.003950    0.250000   -0.017685    0.016658
3.71 3.81    4.182604    0.041667   -0.057524    0.327960    0.083333   -0.112103    0.003131    0.125000    0.016438    0.005420    0.166667    0.029934   -0.021000    0.208333   -0.020069   -0.003973    0.250000   -0.019072    0.015776
3.72 3.82    4.160766    0.041667   -0.060897    0.325375    0.083333   -0.111136    0.000652    0.125000    0.018236    0.003515    0.166667    0.029658   -0.018204    0.208333   -0.020203   -0.004678    0.250000   -0.019837    0.014161
3.73 3.83    4.143728    0.041667   -0.061447    0.323698    0.083333   -0.110013   -0.001868    0.125000    0.019971    0.002600    0.166667    0.028741   -0.015826    0.208333   -0.020539   -0.004350    0.250000   -0.019635    0.013600
3.74 3.84    4.128638    0.041667   -0.061142    0.321759    0.083333   -0.109637   -0.004191    0.125000    0.022673    0.002859    0.166667    0.027574   -0.013539    0.208333   -0.022151   -0.004383    0.250000   -0.019408    0.012288
3.75 3.85    4.114012    0.041667   -0.061353    0.320431    0.083333   -0.108470   -0.006379    0.125000    0.025330    0.003162    0.166667    0.026882   -0.011284    0.208333   -0.024033   -0.004088    0.250000   -0.017997    0.011291
3.76 3.86    4.100730    0.041667   -0.060756    0.318305    0.083333   -0.107517   -0.008405    0.125000    0.026536    0.002249    0.166667    0.025612   -0.009651    0.208333   -0.024629   -0.003776    0.250000   -0.017275    0.009521
3.77 3.87    4.088659    0.041667   -0.059902    0.315697    0.083333   -0.106579   -0.011193    0.125000    0.026769    0.002066    0.166667    0.024678   -0.009404    0.208333   -0.025726   -0.003385    0.250000   -0.015971    0.009472
3.78 3.88    4.074411    0.041667   -0.059368    0.314421    0.083333   -0.107189   -0.013167    0.125000    0.026480    0.001269    0.166667    0.023652   -0.010030    0.208333   -0.025666   -0.003019    0.250000   -0.015302    0.009986
3.79 3.89    4.060595    0.041667   -0.057818    0.312891    0.083333   -0.107383   -0.014873    0.125000    0.027595   -0.000751    0.166667    0.023583   -0.010872    0.208333   -0.024296   -0.003578    0.250000   -0.016216    0.009140
3.80 3.90    4.043464    0.041667   -0.059471    0.310841    0.083333   -0.106769   -0.017010    0.125000    0.028037   -0.002489    0.166667    0.023634   -0.010437    0.208333   -0.020871   -0.004240    0.250000   -0.016847    0.008356
3.81 3.91    4.025880    0.041667   -0.061937    0.309765    0.083333   -0.106378   -0.018257    0.125000    0.027087   -0.003043    0.166667    0.022880   -0.010190    0.208333   -0.019228   -0.004899    0.250000   -0.016191    0.008336
3.82 3.92    4.013189    0.041667   -0.062231    0.309569    0.083333   -0.105290   -0.019144    0.125000    0.026561   -0.003659    0.166667    0.021815   -0.010603    0.208333   -0.017414   -0.004797    0.250000   -0.016065    0.009530
3.83 3.93    4.002144    0.041667   -0.062344    0.308929    0.083333   -0.103647   -0.020550    0.125000    0.026166   -0.003760    0.166667    0.022464   -0.010533    0.208333   -0.015390   -0.003857    0.250000   -0.016245    0.009921
3.84 3.94    3.990182    0.041667   -0.062729    0.308024    0.083333   -0.101753   -0.021798    0.125000    0.025426   -0.003892    0.166667    0.022085   -0.011116    0.208333   -0.012759   -0.004906    0.250000   -0.016438    0.010285
3.85 3.95    3.977728    0.041667   -0.061932    0.306976    0.083333   -0.100204   -0.023284    0.125000    0.024813   -0.004813    0.166667    0.020704   -0.010404    0.208333   -0.010860   -0.005728    0.250000   -0.017219    0.009793
3.86 3.96    3.965534    0.041667   -0.060222    0.305956    0.083333   -0.097117   -0.025583    0.125000    0.024425   -0.005035    0.166667    0.020433   -0.009272    0.208333   -0.008412   -0.007273    0.250000   -0.017379    0.009414
3.87 3.97    3.951988    0.041667   -0.059383    0.305656    0.083333   -0.093887   -0.027342    0.125000    0.024555   -0.004617    0.166667    0.020566   -0.007031    0.208333   -0.006493   -0.008458    0.250000   -0.017864    0.007354
3.88 3.98    3.940627    0.041667   -0.059125    0.304238    0.083333   -0.090864   -0.027596    0.125000    0.023608   -0.003558    0.166667    0.020841   -0.004263    0.208333   -0.004290   -0.009414    0.250000   -0.018908    0.006435
3.89 3.99    3.926191    0.041667   -0.060913    0.302622    0.083333   -0.088777   -0.028297    0.125000    0.022116   -0.001759    0.166667    0.022148   -0.002227    0.208333   -0.003344   -0.009767    0.250000   -0.018471    0.005834
3.90 4.00    3.908255    0.041667   -0.063427    0.301947    0.083333   -0.086111   -0.029903    0.125000    0.022436   -0.001435    0.166667    0.023693    0.000075    0.208333   -0.003770   -0.010579    0.250000   -0.018102    0.004113
3.91 4.01    3.896632    0.041667   -0.062088    0.301272    0.083333   -0.084254   -0.030949    0.125000    0.022037   -0.000606    0.166667    0.025434    0.002844    0.208333   -0.003444   -0.010767    0.250000   -0.017978    0.003343
3.92 4.02    3.884710    0.041667   -0.060794    0.300525    0.083333   -0.082054   -0.031839    0.125000    0.020853   -0.000101    0.166667    0.026967    0.005092    0.208333   -0.002621   -0.010981    0.250000   -0.017254    0.001288
3.93 4.03    3.872202    0.041667   -0.059686    0.299220    0.083333   -0.080046   -0.033305    0.125000    0.020067   -0.000278    0.166667    0.027758    0.007050    0.208333   -0.002270   -0.011442    0.250000   -0.016183   -0.000362
3.94 4.04    3.858573    0.041667   -0.059951    0.298100    0.083333   -0.077965   -0.034799    0.125000    0.018416   -0.000378    0.166667    0.028318    0.008271    0.208333   -0.002047   -0.010790    0.250000   -0.015186   -0.001237
3.95 4.05    3.845499    0.041667   -0.060714    0.297036    0.083333   -0.077196   -0.035922    0.125000    0.016344   -0.000155    0.166667    0.029264    0.008576    0.208333   -0.002099   -0.009932    0.250000   -0.014389   -0.002189
3.96 4.06    3.831211    0.041667   -0.063512    0.296160    0.083333   -0.077020   -0.036884    0.125000    0.015225   -0.000307    0.166667    0.029902    0.008673    0.208333   -0.002385   -0.008662    0.250000   -0.013899   -0.002506
3.97 4.07    3.817854    0.041667   -0.065351    0.294966    0.083333   -0.076430   -0.038655    0.125000    0.014523   -0.000915    0.166667    0.030425    0.009006    0.208333   -0.002577   -0.008292    0.250000   -0.013477   -0.001930
3.98 4.08    3.803682    0.041667   -0.066673    0.294620    0.083333   -0.076246   -0.041161    0.125000    0.014287   -0.001845    0.166667    0.030931    0.009598    0.208333   -0.003462   -0.008097    0.250000   -0.012368   -0.001814
3.99 4.09    3.788440    0.041667   -0.069364    0.294198    0.083333   -0.075569   -0.043891    0.125000    0.014805   -0.003496    0.166667    0.030111    0.010866    0.208333   -0.003603   -0.008045    0.250000   -0.011523   -0.001607
4.00 4.10    3.775671    0.041667   -0.070029    0.294081    0.083333   -0.075705   -0.043974    0.125000    0.014007   -0.003736    0.166667    0.027873    0.011293    0.208333   -0.004075   -0.008017    0.250000   -0.011208   -0.001471
4.01 4.11    3.762166    0.041667   -0.070631    0.294123    0.083333   -0.075874   -0.044942    0.125000    0.012435   -0.004155    0.166667    0.025953    0.012197    0.208333   -0.004501   -0.007941    0.250000   -0.011062   -0.001641
4.02 4.12    3.748932    0.041667   -0.071689    0.294571    0.083333   -0.075158   -0.044932    0.125000    0.012172   -0.002946    0.166667    0.025198    0.013645    0.208333   -0.004557   -0.007655    0.250000   -0.012040   -0.001509
4.03 4.13    3.735491    0.041667   -0.073290    0.295281    0.083333   -0.074249   -0.044380    0.125000    0.012739   -0.001790    0.166667    0.024823    0.014510    0.208333   -0.004196   -0.008193    0.250000   -0.012818   -0.001081
4.04 4.14    3.721749    0.041667   -0.075096    0.295925    0.083333   -0.073376   -0.044027    0.125000    0.013842   -0.000595    0.166667    0.024224    0.015862    0.208333   -0.004159   -0.008876    0.250000   -0.014402   -0.001496
4.05 4.15    3.708373    0.041667   -0.076355    0.296139    0.083333   -0.071116   -0.043167    0.125000    0.015121    0.000944    0.166667    0.023402    0.017035    0.208333   -0.002927   -0.008935    0.250000   -0.016650   -0.000821
4.06 4.16    3.694644    0.041667   -0.076941    0.296934    0.083333   -0.069306   -0.042289    0.125000    0.015362    0.001948    0.166667    0.022255    0.017966    0.208333   -0.002323   -0.008565    0.250000   -0.019230   -0.001109
4.07 4.17    3.681003    0.041667   -0.078103    0.297356    0.083333   -0.067122   -0.040479    0.125000    0.015542    0.003458    0.166667    0.020634    0.018425    0.208333   -0.002230   -0.007822    0.250000   -0.021422   -0.000897
4.08 4.18    3.669048    0.041667   -0.078778    0.296831    0.083333   -0.065154   -0.039287    0.125000    0.015477    0.004538    0.166667    0.019566    0.018575    0.208333   -0.002740   -0.007270    0.250000   -0.024014   -0.000147
4.09 4.19    3.654499    0.041667   -0.080491    0.296719    0.083333   -0.063194   -0.036956    0.125000    0.015874    0.006311    0.166667    0.019939    0.018943    0.208333   -0.002998   -0.006550    0.250000   -0.026860   -0.000103
4.10 4.20    3.640712    0.041667   -0.082294    0.296896    0.083333   -0.061989   -0.035716    0.125000    0.015664    0.007370    0.166667    0.020646    0.019331    0.208333   -0.002717   -0.006384    0.250000   -0.029243   -0.000555
4.11 4.21    3.626957    0.041667   -0.084660    0.296939    0.083333   -0.060041   -0.034626    0.125000    0.016496    0.008238    0.166667    0.021458    0.018837    0.208333   -0.003101   -0.006585    0.250000   -0.031482   -0.000946
4.12 4.22    3.613157    0.041667   -0.087107    0.295843    0.083333   -0.060006   -0.034657    0.125000    0.017078    0.008623    0.166667    0.021602    0.018011    0.208333   -0.003663   -0.005726    0.250000   -0.033229   -0.001287
4.13 4.23    3.600574    0.041667   -0.088057    0.295000    0.083333   -0.059625   -0.034764    0.125000    0.016668    0.009125    0.166667    0.021366    0.017579    0.208333   -0.005050   -0.004798    0.250000   -0.035918   -0.001888
4.14 4.24    3.588165    0.041667   -0.088528    0.293991    0.083333   -0.060541   -0.035290    0.125000    0.016014    0.008498    0.166667    0.022303    0.017513    0.208333   -0.005747   -0.004299    0.250000   -0.037888   -0.001949
4.15 4.25    3.576419    0.041667   -0.088229    0.292339    0.083333   -0.061241   -0.036785    0.125000    0.015239    0.007980    0.166667    0.023109    0.017637    0.208333   -0.006658   -0.004903    0.250000   -0.038497   -0.003221
4.16 4.26    3.565232    0.041667   -0.087613    0.290662    0.083333   -0.061506   -0.038193    0.125000    0.014466    0.008149    0.166667    0.023940    0.017923    0.208333   -0.007118   -0.005549    0.250000   -0.039734   -0.004393
4.17 4.27    3.554244    0.041667   -0.086957    0.288555    0.083333   -0.063202   -0.040585    0.125000    0.014668    0.007268    0.166667    0.024801    0.018133    0.208333   -0.006629   -0.005359    0.250000   -0.040795   -0.005946
4.18 4.28    3.542458    0.041667   -0.087175    0.286877    0.083333   -0.063765   -0.041958    0.125000    0.014494    0.006614    0.166667    0.024693    0.017712    0.208333   -0.005891   -0.005075    0.250000   -0.042226   -0.007676
4.19 4.29    3.530271    0.041667   -0.087589    0.285848    0.083333   -0.064701   -0.043329    0.125000    0.013252    0.005787    0.166667    0.023690    0.017059    0.208333   -0.005930   -0.005785    0.250000   -0.043267   -0.009148
4.20 4.30    3.519986    0.041667   -0.087269    0.284829    0.083333   -0.065373   -0.043855    0.125000    0.011583    0.005644    0.166667    0.023036    0.016267    0.208333   -0.005805   -0.006214    0.250000   -0.044154   -0.009337
4.21 4.31    3.508789    0.041667   -0.086559    0.284121    0.083333   -0.066212   -0.044382    0.125000    0.010204    0.005512    0.166667    0.021991    0.015000    0.208333   -0.005820   -0.006523    0.250000   -0.045291   -0.009419
4.22 4.32    3.498719    0.041667   -0.085095    0.283828    0.083333   -0.066280   -0.044418    0.125000    0.007992    0.005071    0.166667    0.021213    0.014023    0.208333   -0.005947   -0.007934    0.250000   -0.046257   -0.009418
4.23 4.33    3.486655    0.041667   -0.084563    0.283266    0.083333   -0.066645   -0.044896    0.125000    0.005813    0.003523    0.166667    0.020585    0.013362    0.208333   -0.005479   -0.009494    0.250000   -0.047440   -0.009429
4.24 4.34    3.475163    0.041667   -0.083869    0.283050    0.083333   -0.065788   -0.044190    0.125000    0.004094    0.002879    0.166667    0.020060    0.012106    0.208333   -0.005888   -0.010879    0.250000   -0.048776   -0.009399
4.25 4.35    3.461931    0.041667   -0.084787    0.282837    0.083333   -0.065943   -0.042265    0.125000    0.002551    0.001822    0.166667    0.019589    0.010899    0.208333   -0.006764   -0.011117    0.250000   -0.050193   -0.008727
4.26 4.36    3.448492    0.041667   -0.086001    0.281845    0.083333   -0.066311   -0.040283    0.125000    0.001727    0.001291    0.166667    0.019622    0.010221    0.208333   -0.007394   -0.012412    0.250000   -0.050947   -0.007827
4.27 4.37    3.434855    0.041667   -0.087446    0.280976    0.083333   -0.065917   -0.037672    0.125000    0.000089    0.001003    0.166667    0.019446    0.010078    0.208333   -0.008307   -0.013482    0.250000   -0.052221   -0.007166
4.28 4.38    3.419615    0.041667   -0.089317    0.280385    0.083333   -0.066128   -0.035472    0.125000   -0.000687    0.000211    0.166667    0.020365    0.010403    0.208333   -0.008688   -0.015109    0.250000   -0.053481   -0.007588
4.29 4.39    3.408013    0.041667   -0.089960    0.279627    0.083333   -0.066079   -0.033586    0.125000   -0.000191   -0.000074    0.166667    0.021255    0.010521    0.208333   -0.009053   -0.016013    0.250000   -0.054583   -0.008086
4.30 4.40    3.393759    0.041667   -0.090993    0.278660    0.083333   -0.066691   -0.032149    0.125000    0.000694   -0.000533    0.166667    0.021942    0.011810    0.208333   -0.009030   -0.016823    0.250000   -0.055105   -0.008905
4.31 4.41    3.380201    0.041667   -0.092895    0.277762    0.083333   -0.066777   -0.030611    0.125000    0.001219   -0.001024    0.166667    0.022806    0.013263    0.208333   -0.008805   -0.017843    0.250000   -0.055773   -0.009646
4.32 4.42    3.365849    0.041667   -0.094793    0.277202    0.083333   -0.065624   -0.028933    0.125000    0.002299   -0.001704    0.166667    0.023590    0.013958    0.208333   -0.008952   -0.018578    0.250000   -0.056030   -0.009865
4.33 4.43    3.352533    0.041667   -0.096010    0.276210    0.083333   -0.064325   -0.026218    0.125000    0.003469   -0.001055    0.166667    0.023174    0.014369    0.208333   -0.009272   -0.018509    0.250000   -0.055223   -0.010831
4.34 4.44    3.338803    0.041667   -0.097562    0.275358    0.083333   -0.063149   -0.024480    0.125000    0.004474   -0.000710    0.166667    0.022884    0.014959    0.208333   -0.009755   -0.017916    0.250000   -0.054532   -0.011549
4.35 4.45    3.325909    0.041667   -0.097932    0.275549    0.083333   -0.062075   -0.023107    0.125000    0.005116   -0.000080    0.166667    0.022112    0.015589    0.208333   -0.009349   -0.018102    0.250000   -0.054424   -0.012664
4.36 4.46    3.312769    0.041667   -0.098572    0.276242    0.083333   -0.061199   -0.021654    0.125000    0.004945   -0.000286    0.166667    0.021181    0.015957    0.208333   -0.009308   -0.017683    0.250000   -0.053961   -0.013772
4.37 4.47    3.299752    0.041667   -0.098914    0.276974    0.083333   -0.060313   -0.020770    0.125000    0.004885   -0.000131    0.166667    0.020660    0.015788    0.208333   -0.009444   -0.018130    0.250000   -0.052507   -0.014614
4.38 4.48    3.287833    0.041667   -0.099238    0.277283    0.083333   -0.059406   -0.019720    0.125000    0.004611    0.000506    0.166667    0.019337    0.015055    0.208333   -0.010157   -0.018222    0.250000   -0.050146   -0.014977
4.39 4.49    3.278528    0.041667   -0.097944    0.276851    0.083333   -0.058815   -0.019303    0.125000    0.004006   -0.000005    0.166667    0.018510    0.014277    0.208333   -0.010164   -0.018533    0.250000   -0.048686   -0.014909
4.40 4.50    3.267987    0.041667   -0.098102    0.276250    0.083333   -0.057689   -0.019336    0.125000    0.003537   -0.000404    0.166667    0.018169    0.012668    0.208333   -0.010577   -0.018305    0.250000   -0.048013   -0.014893
4.41 4.51    3.256149    0.041667   -0.098344    0.275935    0.083333   -0.057396   -0.018874    0.125000    0.003081   -0.001248    0.166667    0.018341    0.011081    0.208333   -0.010848   -0.018153    0.250000   -0.046868   -0.014818
4.42 4.52    3.243995    0.041667   -0.098800    0.275525    0.083333   -0.058428   -0.018345    0.125000    0.002147   -0.002384    0.166667    0.018527    0.009871    0.208333   -0.010560   -0.017835    0.250000   -0.045780   -0.014936
4.43 4.53    3.232176    0.041667   -0.099891    0.275249    0.083333   -0.059708   -0.017831    0.125000    0.000947   -0.004289    0.166667    0.019241    0.008975    0.208333   -0.010277   -0.018277    0.250000   -0.045261   -0.015203
4.44 4.54    3.221331    0.041667   -0.100232    0.274508    0.083333   -0.060707   -0.018218    0.125000    0.000336   -0.005789    0.166667    0.020471    0.008109    0.208333   -0.008460   -0.019093    0.250000   -0.044678   -0.015887
4.45 4.55    3.210655    0.041667   -0.100895    0.272818    0.083333   -0.061657   -0.018314    0.125000   -0.000762   -0.007753    0.166667    0.021103    0.006986    0.208333   -0.007486   -0.020260    0.250000   -0.043646   -0.015926
4.46 4.56    3.200325    0.041667   -0.101204    0.270544    0.083333   -0.061453   -0.019000    0.125000   -0.000248   -0.009166    0.166667    0.022030    0.006216    0.208333   -0.006851   -0.020873    0.250000   -0.042527   -0.016396
4.47 4.57    3.188479    0.041667   -0.102468    0.268590    0.083333   -0.061345   -0.018924    0.125000   -0.000410   -0.010801    0.166667    0.022437    0.004948    0.208333   -0.006222   -0.022239    0.250000   -0.041708   -0.017050
4.48 4.58    3.177537    0.041667   -0.103224    0.267005    0.083333   -0.061061   -0.019190    0.125000    0.000055   -0.011635    0.166667    0.023141    0.004339    0.208333   -0.005978   -0.022832    0.250000   -0.041505   -0.017437
4.49 4.59    3.167079    0.041667   -0.103873    0.265796    0.083333   -0.060294   -0.018657    0.125000    0.000481   -0.012392    0.166667    0.023953    0.004030    0.208333   -0.005526   -0.022881    0.250000   -0.040018   -0.018198
4.50 4.60    3.159539    0.041667   -0.103285    0.264965    0.083333   -0.059524   -0.017885    0.125000    0.001223   -0.013849    0.166667    0.024180    0.002709    0.208333   -0.005177   -0.023016    0.250000   -0.037767   -0.018028
4.51 4.61    3.147857    0.041667   -0.105050    0.264076    0.083333   -0.058864   -0.017871    0.125000    0.001590   -0.015401    0.166667    0.024469    0.001339    0.208333   -0.004866   -0.022667    0.250000   -0.036548   -0.017860
4.52 4.62    3.136342    0.041667   -0.106918    0.263503    0.083333   -0.057445   -0.018127    0.125000    0.002627   -0.016302    0.166667    0.023829    0.000634    0.208333   -0.004525   -0.022464    0.250000   -0.035315   -0.017810
4.53 4.63    3.124869    0.041667   -0.108344    0.263262    0.083333   -0.055991   -0.018382    0.125000    0.004516   -0.017491    0.166667    0.023531   -0.000788    0.208333   -0.004291   -0.021318    0.250000   -0.033541   -0.017600
4.54 4.64    3.112437    0.041667   -0.110202    0.263330    0.083333   -0.054405   -0.017546    0.125000    0.006254   -0.018527    0.166667    0.022973   -0.002801    0.208333   -0.004983   -0.020304    0.250000   -0.031981   -0.017965
4.55 4.65    3.099369    0.041667   -0.112186    0.263939    0.083333   -0.052577   -0.016733    0.125000    0.008445   -0.019052    0.166667    0.023402   -0.004171    0.208333   -0.005224   -0.018406    0.250000   -0.030562   -0.018684
4.56 4.66    3.086078    0.041667   -0.114174    0.264625    0.083333   -0.051631   -0.016132    0.125000    0.010081   -0.020572    0.166667    0.023382   -0.005126    0.208333   -0.005482   -0.016861    0.250000   -0.029871   -0.018921
4.57 4.67    3.073556    0.041667   -0.115876    0.264485    0.083333   -0.050106   -0.015517    0.125000    0.012467   -0.022263    0.166667    0.023867   -0.005699    0.208333   -0.004860   -0.014478    0.250000   -0.029228   -0.018731
4.58 4.68    3.061007    0.041667   -0.116844    0.263369    0.083333   -0.048448   -0.015200    0.125000    0.013731   -0.023854    0.166667    0.023921   -0.005956    0.208333   -0.003567   -0.012440    0.250000   -0.028502   -0.018605
4.59 4.69    3.048220    0.041667   -0.118015    0.262710    0.083333   -0.047089   -0.014894    0.125000    0.014635   -0.024556    0.166667    0.023776   -0.006682    0.208333   -0.002374   -0.010470    0.250000   -0.028359   -0.017737
4.60 4.70    3.037712    0.041667   -0.118177    0.261551    0.083333   -0.045512   -0.014170    0.125000    0.016154   -0.025476    0.166667    0.024599   -0.006193    0.208333   -0.001388   -0.009046    0.250000   -0.028694   -0.018023
4.61 4.71    3.030668    0.041667   -0.116975    0.259931    0.083333   -0.044299   -0.013137    0.125000    0.017234   -0.026030    0.166667    0.024061   -0.005876    0.208333   -0.000717   -0.008121    0.250000   -0.028005   -0.018128
4.62 4.72    3.018055    0.041667   -0.118494    0.258756    0.083333   -0.043449   -0.012840    0.125000    0.018361   -0.027090    0.166667    0.025212   -0.006146    0.208333   -0.000119   -0.007467    0.250000   -0.028570   -0.018820
4.63 4.73    3.004815    0.041667   -0.119700    0.257238    0.083333   -0.043005   -0.012911    0.125000    0.018579   -0.028298    0.166667    0.025396   -0.005882    0.208333    0.000145   -0.007834    0.250000   -0.029340   -0.018878
4.64 4.74    2.992254    0.041667   -0.121438    0.255320    0.083333   -0.042934   -0.013544    0.125000    0.018799   -0.029905    0.166667    0.025662   -0.004542    0.208333    0.000777   -0.007602    0.250000   -0.029911   -0.018713
4.65 4.75    2.980159    0.041667   -0.123261    0.253102    0.083333   -0.042343   -0.014103    0.125000    0.018435   -0.031712    0.166667    0.025728   -0.003786    0.208333    0.001390   -0.008071    0.250000   -0.030375   -0.018651
4.66 4.76    2.968688    0.041667   -0.124864    0.250623    0.083333   -0.041508   -0.014462    0.125000    0.018421   -0.032505    0.166667    0.026366   -0.003805    0.208333    0.002476   -0.007951    0.250000   -0.029967   -0.018663
4.67 4.77    2.957907    0.041667   -0.126236    0.249196    0.083333   -0.040613   -0.015052    0.125000    0.018954   -0.032854    0.166667    0.026770   -0.003677    0.208333    0.003290   -0.007872    0.250000   -0.029959   -0.018665
4.68 4.78    2.945543    0.041667   -0.128148    0.248466    0.083333   -0.039639   -0.014980    0.125000    0.019830   -0.034510    0.166667    0.027564   -0.003878    0.208333    0.004056   -0.007926    0.250000   -0.029469   -0.018643
4.69 4.79    2.933120    0.041667   -0.130025    0.247342    0.083333   -0.039207   -0.015467    0.125000    0.020480   -0.036142    0.166667    0.027846   -0.004040    0.208333    0.003707   -0.007726    0.250000   -0.028987   -0.018344
4.70 4.80    2.920094    0.041667   -0.132138    0.247053    0.083333   -0.038704   -0.016423    0.125000    0.020092   -0.037306    0.166667    0.026761   -0.004321    0.208333    0.003191   -0.006967    0.250000   -0.029216   -0.017658
4.71 4.81    2.908843    0.041667   -0.133319    0.246989    0.083333   -0.037710   -0.017089    0.125000    0.020158   -0.038055    0.166667    0.026330   -0.004280    0.208333    0.003085   -0.006067    0.250000   -0.029501   -0.017427
4.72 4.82    2.904115    0.041667   -0.130955    0.245810    0.083333   -0.036874   -0.017797    0.125000    0.019760   -0.038685    0.166667    0.024912   -0.003829    0.208333    0.002581   -0.005331    0.250000   -0.029151   -0.016774
4.73 4.83    2.895292    0.041667   -0.131918    0.244647    0.083333   -0.035892   -0.017552    0.125000    0.019350   -0.038563    0.166667    0.024508   -0.003834    0.208333    0.003155   -0.004645    0.250000   -0.029068   -0.016905
4.74 4.84    2.884481    0.041667   -0.132179    0.243455    0.083333   -0.034849   -0.017010    0.125000    0.019525   -0.037725    0.166667    0.024406   -0.004026    0.208333    0.003291   -0.004255    0.250000   -0.028562   -0.016518
4.75 4.85    2.872865    0.041667   -0.133011    0.243005    0.083333   -0.034122   -0.016841    0.125000    0.019748   -0.037135    0.166667    0.024130   -0.004419    0.208333    0.003584   -0.003773    0.250000   -0.027937   -0.015563
4.76 4.86    2.861657    0.041667   -0.133982    0.242513    0.083333   -0.033463   -0.016824    0.125000    0.019725   -0.036438    0.166667    0.023014   -0.004678    0.208333    0.003211   -0.003647    0.250000   -0.028331   -0.015151
4.77 4.87    2.849872    0.041667   -0.134843    0.241874    0.083333   -0.033207   -0.016947    0.125000    0.018933   -0.035300    0.166667    0.022138   -0.004596    0.208333    0.002801   -0.003529    0.250000   -0.028423   -0.014246
4.78 4.88    2.838743    0.041667   -0.135245    0.241703    0.083333   -0.032904   -0.017645    0.125000    0.018590   -0.033813    0.166667    0.021342   -0.004996    0.208333    0.001451   -0.003022    0.250000   -0.029074   -0.013519
4.79 4.89    2.828178    0.041667   -0.135748    0.241941    0.083333   -0.032253   -0.018054    0.125000    0.018274   -0.032855    0.166667    0.020939   -0.005370    0.208333    0.001259   -0.002965    0.250000   -0.029309   -0.013256
4.80 4.90    2.818623    0.041667   -0.135550    0.241804    0.083333   -0.031544   -0.018035    0.125000    0.017859   -0.031835    0.166667    0.020665   -0.006006    0.208333    0.001347   -0.003553    0.250000   -0.028615   -0.012902
4.81 4.91    2.809338    0.041667   -0.134761    0.241267    0.083333   -0.031167   -0.017964    0.125000    0.016897   -0.030797    0.166667    0.020573   -0.006321    0.208333    0.001774   -0.003650    0.250000   -0.028153   -0.012791
4.82 4.92    2.799698    0.041667   -0.134535    0.241252    0.083333   -0.030363   -0.017069    0.125000    0.016770   -0.029573    0.166667    0.021181   -0.006735    0.208333    0.002418   -0.003625    0.250000   -0.027900   -0.012914
4.83 4.93    2.794492    0.041667   -0.131634    0.241428    0.083333   -0.029422   -0.017771    0.125000    0.016910   -0.029143    0.166667    0.021760   -0.006763    0.208333    0.001995   -0.002842    0.250000   -0.027900   -0.012254
4.84 4.94    2.789411    0.041667   -0.130431    0.241911    0.083333   -0.028737   -0.018404    0.125000    0.016400   -0.029043    0.166667    0.021603   -0.006937    0.208333    0.001984   -0.001733    0.250000   -0.028251   -0.011882
4.85 4.95    2.779840    0.041667   -0.130695    0.241731    0.083333   -0.027658   -0.018733    0.125000    0.016628   -0.028796    0.166667    0.021589   -0.006620    0.208333    0.001835   -0.000457    0.250000   -0.028212   -0.012001
4.86 4.96    2.769773    0.041667   -0.130899    0.242065    0.083333   -0.026630   -0.018348    0.125000    0.016771   -0.028736    0.166667    0.022628   -0.005922    0.208333    0.002354    0.000329    0.250000   -0.027565   -0.011774
4.87 4.97    2.759632    0.041667   -0.131453    0.242739    0.083333   -0.025786   -0.018028    0.125000    0.016741   -0.028891    0.166667    0.023124   -0.005717    0.208333    0.002455    0.000764    0.250000   -0.027028   -0.012279
4.88 4.98    2.750042    0.041667   -0.132352    0.242897    0.083333   -0.025708   -0.017751    0.125000    0.016399   -0.028913    0.166667    0.023475   -0.005329    0.208333    0.003357    0.001049    0.250000   -0.026046   -0.013265
4.89 4.99    2.740089    0.041667   -0.132754    0.242949    0.083333   -0.025516   -0.016470    0.125000    0.016195   -0.028579    0.166667    0.023911   -0.004870    0.208333    0.004019    0.001412    0.250000   -0.025614   -0.014409
4.90 5.00    2.729062    0.041667   -0.134479    0.242799    0.083333   -0.025827   -0.015245    0.125000    0.015613   -0.028170    0.166667    0.023938   -0.003708    0.208333    0.004707    0.002600    0.250000   -0.025299   -0.015526
4.91 5.01    2.718597    0.041667   -0.136016    0.242788    0.083333   -0.025144   -0.014253    0.125000    0.015975   -0.027916    0.166667    0.023635   -0.002729    0.208333    0.005493    0.003432    0.250000   -0.025097   -0.016627
4.92 5.02    2.707212    0.041667   -0.138386    0.242464    0.083333   -0.025195   -0.013497    0.125000    0.015623   -0.027383    0.166667    0.023125   -0.001546    0.208333    0.006076    0.004020    0.250000   -0.024514   -0.017034
4.93 5.03    2.696104    0.041667   -0.140862    0.241476    0.083333   -0.025164   -0.012180    0.125000    0.014896   -0.026629    0.166667    0.021737   -0.001014    0.208333    0.006308    0.004683    0.250000   -0.023256   -0.017742
4.94 5.04    2.686035    0.041667   -0.141869    0.240519    0.083333   -0.025066   -0.010560    0.125000    0.014089   -0.025803    0.166667    0.020484   -0.001143    0.208333    0.006882    0.005430    0.250000   -0.021783   -0.017670
4.95 5.05    2.681206    0.041667   -0.141728    0.239768    0.083333   -0.025980   -0.008923    0.125000    0.012773   -0.024843    0.166667    0.019160   -0.001742    0.208333    0.007329    0.005863    0.250000   -0.021149   -0.017639
4.96 5.06    2.675252    0.041667   -0.142555    0.238899    0.083333   -0.026762   -0.008549    0.125000    0.011055   -0.024080    0.166667    0.016830   -0.003041    0.208333    0.007066    0.006049    0.250000   -0.020954   -0.017654
4.97 5.07    2.664485    0.041667   -0.144781    0.237498    0.083333   -0.027459   -0.008004    0.125000    0.009976   -0.023355    0.166667    0.015382   -0.003431    0.208333    0.006731    0.006718    0.250000   -0.020410   -0.017496
4.98 5.08    2.652912    0.041667   -0.146632    0.236449    0.083333   -0.027325   -0.007174    0.125000    0.009121   -0.023395    0.166667    0.014315   -0.003976    0.208333    0.005886    0.007241    0.250000   -0.019845   -0.016930
4.99 5.09    2.640772    0.041667   -0.149105    0.235346    0.083333   -0.027047   -0.007322    0.125000    0.008201   -0.023596    0.166667    0.012527   -0.003856    0.208333    0.005027    0.007039    0.250000   -0.018664   -0.016694
5.00 5.10    2.629023    0.041667   -0.151294    0.234255    0.083333   -0.026727   -0.007461    0.125000    0.007920   -0.023601    0.166667    0.011612   -0.004240    0.208333    0.004092    0.006554    0.250000   -0.018007   -0.016289
5.01 5.11    2.616630    0.041667   -0.154258    0.233127    0.083333   -0.027023   -0.007134    0.125000    0.007377   -0.023464    0.166667    0.010948   -0.005426    0.208333    0.002666    0.005936    0.250000   -0.017802   -0.016099
5.02 5.12    2.604047    0.041667   -0.156478    0.232365    0.083333   -0.026794   -0.006396    0.125000    0.006484   -0.023729    0.166667    0.009528   -0.006640    0.208333    0.002065    0.005275    0.250000   -0.017569   -0.016394
5.03 5.13    2.592533    0.041667   -0.157962    0.232376    0.083333   -0.026219   -0.005576    0.125000    0.006357   -0.023579    0.166667    0.009080   -0.006726    0.208333    0.002408    0.004132    0.250000   -0.017653   -0.016443
5.04 5.14    2.582190    0.041667   -0.159264    0.231902    0.083333   -0.025679   -0.005418    0.125000    0.006240   -0.023573    0.166667    0.008483   -0.006064    0.208333    0.002585    0.002693    0.250000   -0.017416   -0.016877
5.05 5.15    2.571678    0.041667   -0.160254    0.231404    0.083333   -0.024815   -0.005535    0.125000    0.006714   -0.023864    0.166667    0.008607   -0.005593    0.208333    0.002456    0.002035    0.250000   -0.016979   -0.016818
5.06 5.16    2.562309    0.041667   -0.160215    0.230887    0.083333   -0.024129   -0.005359    0.125000    0.007152   -0.024040    0.166667    0.009141   -0.004452    0.208333    0.002789    0.002027    0.250000   -0.016231   -0.016305
5.07 5.17    2.557678    0.041667   -0.158889    0.229957    0.083333   -0.023628   -0.005927    0.125000    0.007071   -0.024985    0.166667    0.008976   -0.004549    0.208333    0.003417    0.002034    0.250000   -0.015894   -0.015279
5.08 5.18    2.552822    0.041667   -0.158496    0.228578    0.083333   -0.023291   -0.006867    0.125000    0.007175   -0.024463    0.166667    0.008258   -0.004436    0.208333    0.004128    0.002691    0.250000   -0.016162   -0.014838
5.09 5.19    2.544494    0.041667   -0.159239    0.228130    0.083333   -0.022521   -0.007177    0.125000    0.007327   -0.024058    0.166667    0.008326   -0.004803    0.208333    0.004554    0.003747    0.250000   -0.016552   -0.014576
5.10 5.20    2.535734    0.041667   -0.160000    0.227549    0.083333   -0.021838   -0.007462    0.125000    0.007261   -0.024180    0.166667    0.007977   -0.005157    0.208333    0.005076    0.004536    0.250000   -0.016585   -0.014732
5.11 5.21    2.526613    0.041667   -0.160566    0.227181    0.083333   -0.020796   -0.008127    0.125000    0.007489   -0.024446    0.166667    0.007713   -0.004937    0.208333    0.006174    0.005570    0.250000   -0.016010   -0.014256
5.12 5.22    2.518394    0.041667   -0.161112    0.226212    0.083333   -0.020228   -0.009231    0.125000    0.007677   -0.024812    0.166667    0.007832   -0.005360    0.208333    0.007199    0.006754    0.250000   -0.015491   -0.013400
5.13 5.23    2.509099    0.041667   -0.161742    0.224866    0.083333   -0.019801   -0.010883    0.125000    0.007426   -0.025559    0.166667    0.007139   -0.005768    0.208333    0.007252    0.008499    0.250000   -0.014950   -0.012495
5.14 5.24    2.499065    0.041667   -0.162755    0.223688    0.083333   -0.018945   -0.012238    0.125000    0.007206   -0.026684    0.166667    0.006633   -0.006526    0.208333    0.006803    0.010102    0.250000   -0.014845   -0.011393
5.15 5.25    2.488465    0.041667   -0.163440    0.222429    0.083333   -0.017982   -0.014204    0.125000    0.006440   -0.028021    0.166667    0.005340   -0.007040    0.208333    0.006722    0.011425    0.250000   -0.014454   -0.010920
5.16 5.26    2.477934    0.041667   -0.164568    0.221314    0.083333   -0.017387   -0.015202    0.125000    0.005670   -0.029149    0.166667    0.003893   -0.007846    0.208333    0.006369    0.012360    0.250000   -0.014254   -0.011097
5.17 5.27    2.467329    0.041667   -0.165166    0.220600    0.083333   -0.016380   -0.015879    0.125000    0.005172   -0.029495    0.166667    0.002246   -0.007838    0.208333    0.005669    0.013179    0.250000   -0.013980   -0.011773
5.18 5.28    2.457850    0.041667   -0.165201    0.220132    0.083333   -0.016026   -0.016156    0.125000    0.004699   -0.030701    0.166667    0.000918   -0.008405    0.208333    0.005085    0.013312    0.250000   -0.013039   -0.011818
5.19 5.29    2.451768    0.041667   -0.164203    0.219237    0.083333   -0.016058   -0.016909    0.125000    0.004236   -0.031505    0.166667   -0.000781   -0.008641    0.208333    0.004837    0.013632    0.250000   -0.012746   -0.010974
5.20 5.30    2.446814    0.041667   -0.163033    0.218572    0.083333   -0.015904   -0.017488    0.125000    0.004087   -0.032295    0.166667   -0.001981   -0.008461    0.208333    0.004383    0.014446    0.250000   -0.012517   -0.010013
5.21 5.31    2.438810    0.041667   -0.163288    0.217717    0.083333   -0.015488   -0.017560    0.125000    0.003913   -0.033106    0.166667   -0.003214   -0.007537    0.208333    0.003342    0.015650    0.250000   -0.011711   -0.009364
5.22 5.32    2.427489    0.041667   -0.164242    0.217464    0.083333   -0.014764   -0.017757    0.125000    0.004248   -0.033807    0.166667   -0.004046   -0.006338    0.208333    0.001723    0.017163    0.250000   -0.011211   -0.009154
5.23 5.33    2.416064    0.041667   -0.166036    0.217654    0.083333   -0.013869   -0.017429    0.125000    0.004785   -0.033777    0.166667   -0.004680   -0.005171    0.208333    0.000598    0.018055    0.250000   -0.010495   -0.009090
5.24 5.34    2.404773    0.041667   -0.167517    0.217669    0.083333   -0.013276   -0.017210    0.125000    0.005174   -0.033666    0.166667   -0.005169   -0.003582    0.208333   -0.000271    0.019032    0.250000   -0.009863   -0.009618
5.25 5.35    2.393930    0.041667   -0.169258    0.218082    0.083333   -0.012644   -0.016830    0.125000    0.005776   -0.033389    0.166667   -0.005851   -0.001813    0.208333   -0.001126    0.019637    0.250000   -0.009507   -0.009518
5.26 5.36    2.383249    0.041667   -0.170661    0.218342    0.083333   -0.011821   -0.016798    0.125000    0.006864   -0.033384    0.166667   -0.006709   -0.000078    0.208333   -0.002001    0.020307    0.250000   -0.009179   -0.009023
5.27 5.37    2.373648    0.041667   -0.171818    0.218231    0.083333   -0.010956   -0.016641    0.125000    0.008310   -0.034302    0.166667   -0.006962    0.001363    0.208333   -0.002887    0.020460    0.250000   -0.008900   -0.008350
5.28 5.38    2.363494    0.041667   -0.172912    0.217897    0.083333   -0.009791   -0.016928    0.125000    0.009425   -0.035177    0.166667   -0.007383    0.003170    0.208333   -0.003563    0.020764    0.250000   -0.009084   -0.007658
5.29 5.39    2.354638    0.041667   -0.173287    0.217125    0.083333   -0.008649   -0.017130    0.125000    0.010142   -0.036359    0.166667   -0.006951    0.004386    0.208333   -0.004306    0.021154    0.250000   -0.009229   -0.006521
5.30 5.40    2.345068    0.041667   -0.173909    0.216057    0.083333   -0.007417   -0.017756    0.125000    0.010686   -0.037862    0.166667   -0.006676    0.005224    0.208333   -0.004939    0.021383    0.250000   -0.009159   -0.005446
5.31 5.41    2.339336    0.041667   -0.172835    0.214742    0.083333   -0.006795   -0.018178    0.125000    0.011175   -0.038907    0.166667   -0.006251    0.005001    0.208333   -0.004983    0.021114    0.250000   -0.009953   -0.004575
5.32 5.42    2.335972    0.041667   -0.170858    0.213290    0.083333   -0.005774   -0.018751    0.125000    0.011597   -0.039730    0.166667   -0.005924    0.004752    0.208333   -0.004834    0.020730    0.250000   -0.010440   -0.003186
5.33 5.43    2.332351    0.041667   -0.169045    0.211609    0.083333   -0.005055   -0.018892    0.125000    0.011897   -0.040905    0.166667   -0.005161    0.004246    0.208333   -0.004764    0.020668    0.250000   -0.010821   -0.001522
5.34 5.44    2.325544    0.041667   -0.169191    0.210679    0.083333   -0.004566   -0.018860    0.125000    0.012002   -0.041318    0.166667   -0.004995    0.004046    0.208333   -0.004948    0.020736    0.250000   -0.010991    0.000200
5.35 5.45    2.317014    0.041667   -0.168639    0.210136    0.083333   -0.003596   -0.018270    0.125000    0.012558   -0.041101    0.166667   -0.004394    0.003565    0.208333   -0.004856    0.020892    0.250000   -0.011308    0.001631
5.36 5.46    2.308222    0.041667   -0.167722    0.209881    0.083333   -0.002601   -0.017786    0.125000    0.012256   -0.040844    0.166667   -0.003517    0.003138    0.208333   -0.004226    0.021360    0.250000   -0.010669    0.003033
5.37 5.47    2.298516    0.041667   -0.167193    0.209693    0.083333   -0.001866   -0.017246    0.125000    0.011197   -0.040183    0.166667   -0.002855    0.002947    0.208333   -0.003940    0.021961    0.250000   -0.010071    0.004169
5.38 5.48    2.288899    0.041667   -0.167119    0.209641    0.083333   -0.001338   -0.016222    0.125000    0.009949   -0.039054    0.166667   -0.002195    0.002447    0.208333   -0.003445    0.022351    0.250000   -0.009361    0.005023
5.39 5.49    2.278296    0.041667   -0.167031    0.209362    0.083333   -0.000881   -0.015595    0.125000    0.009297   -0.038062    0.166667   -0.001652    0.002251    0.208333   -0.003376    0.022142    0.250000   -0.008679    0.005106
5.40 5.50    2.268127    0.041667   -0.167139    0.209117    0.083333   -0.000989   -0.014969    0.125000    0.008317   -0.036795    0.166667   -0.001228    0.002928    0.208333   -0.003368    0.021740    0.250000   -0.008571    0.005639
5.41 5.51    2.257585    0.041667   -0.167731    0.208813    0.083333   -0.001342   -0.015195    0.125000    0.007249   -0.035852    0.166667   -0.000694    0.003458    0.208333   -0.003314    0.021352    0.250000   -0.007732    0.006057
5.42 5.52    2.248230    0.041667   -0.168563    0.208195    0.083333   -0.002104   -0.015202    0.125000    0.006393   -0.035135    0.166667   -0.000398    0.003132    0.208333   -0.003175    0.021067    0.250000   -0.007074    0.006230
5.43 5.53    2.239450    0.041667   -0.168770    0.207406    0.083333   -0.003214   -0.015651    0.125000    0.005811   -0.034182    0.166667   -0.000184    0.002777    0.208333   -0.002678    0.020254    0.250000   -0.006524    0.006144
5.44 5.54    2.233730    0.041667   -0.167615    0.206495    0.083333   -0.004063   -0.016278    0.125000    0.005074   -0.033228    0.166667   -0.000663    0.002381    0.208333   -0.001985    0.019758    0.250000   -0.005687    0.006310
5.45 5.55    2.228962    0.041667   -0.166917    0.205595    0.083333   -0.004978   -0.017457    0.125000    0.003839   -0.033102    0.166667   -0.001127    0.002312    0.208333   -0.001729    0.019332    0.250000   -0.004646    0.005867
5.46 5.56    2.223936    0.041667   -0.166483    0.204687    0.083333   -0.005471   -0.018472    0.125000    0.002724   -0.033180    0.166667   -0.001965    0.002061    0.208333   -0.002346    0.018687    0.250000   -0.004635    0.006356
5.47 5.57    2.215940    0.041667   -0.168179    0.203444    0.083333   -0.005524   -0.019463    0.125000    0.002609   -0.032963    0.166667   -0.002682    0.001441    0.208333   -0.002651    0.017994    0.250000   -0.003834    0.007079
5.48 5.58    2.207240    0.041667   -0.169561    0.201962    0.083333   -0.005710   -0.020903    0.125000    0.002614   -0.032582    0.166667   -0.003532    0.001248    0.208333   -0.003195    0.017716    0.250000   -0.002201    0.008131
5.49 5.59    2.198268    0.041667   -0.171249    0.200863    0.083333   -0.006584   -0.022239    0.125000    0.002150   -0.032642    0.166667   -0.004529    0.000522    0.208333   -0.003578    0.017362    0.250000   -0.000692    0.009286
5.50 5.60    2.189227    0.041667   -0.172400    0.199674    0.083333   -0.006796   -0.023575    0.125000    0.002922   -0.032888    0.166667   -0.005147   -0.001155    0.208333   -0.003722    0.016782    0.250000    0.000996    0.010173
5.51 5.61    2.180731    0.041667   -0.173523    0.198816    0.083333   -0.006325   -0.024022    0.125000    0.003505   -0.033082    0.166667   -0.006181   -0.001953    0.208333   -0.004018    0.016894    0.250000    0.002483    0.011018
5.52 5.62    2.171369    0.041667   -0.175136    0.197537    0.083333   -0.006473   -0.024623    0.125000    0.003513   -0.033103    0.166667   -0.007614   -0.002298    0.208333   -0.004813    0.016336    0.250000    0.004300    0.011504
5.53 5.63    2.161877    0.041667   -0.176730    0.196286    0.083333   -0.005925   -0.025266    0.125000    0.003204   -0.033110    0.166667   -0.009150   -0.002573    0.208333   -0.005650    0.015234    0.250000    0.005926    0.011484
5.54 5.64    2.152646    0.041667   -0.177755    0.195471    0.083333   -0.005123   -0.025730    0.125000    0.003008   -0.033908    0.166667   -0.009736   -0.002980    0.208333   -0.006497    0.014444    0.250000    0.006775    0.011437
5.55 5.65    2.144131    0.041667   -0.178808    0.194668    0.083333   -0.004553   -0.025574    0.125000    0.002712   -0.034742    0.166667   -0.010066   -0.003965    0.208333   -0.007769    0.013732    0.250000    0.007681    0.011431
5.56 5.66    2.136557    0.041667   -0.179876    0.193726    0.083333   -0.004448   -0.025073    0.125000    0.002716   -0.035152    0.166667   -0.010293   -0.004831    0.208333   -0.008431    0.012803    0.250000    0.009154    0.010749
5.57 5.67    2.131809    0.041667   -0.179032    0.193625    0.083333   -0.004660   -0.024607    0.125000    0.002402   -0.035861    0.166667   -0.010612   -0.005460    0.208333   -0.008680    0.012550    0.250000    0.010179    0.010735
5.58 5.68    2.127876    0.041667   -0.178168    0.193516    0.083333   -0.004661   -0.023984    0.125000    0.001959   -0.036270    0.166667   -0.011058   -0.005845    0.208333   -0.009685    0.012158    0.250000    0.011234    0.010172
5.59 5.69    2.124305    0.041667   -0.177246    0.192954    0.083333   -0.004103   -0.023505    0.125000    0.001955   -0.036045    0.166667   -0.011395   -0.005265    0.208333   -0.010527    0.011892    0.250000    0.012931    0.010011
5.60 5.70    2.119834    0.041667   -0.177163    0.192422    0.083333   -0.003598   -0.023178    0.125000    0.001089   -0.035532    0.166667   -0.011355   -0.004055    0.208333   -0.011469    0.012380    0.250000    0.013910    0.010583
5.61 5.71    2.110626    0.041667   -0.178297    0.192180    0.083333   -0.003483   -0.022755    0.125000   -0.000109   -0.034018    0.166667   -0.011459   -0.003134    0.208333   -0.012344    0.012562    0.250000    0.014197    0.011351
5.62 5.72    2.101504    0.041667   -0.178995    0.191942    0.083333   -0.003560   -0.022281    0.125000   -0.000403   -0.032228    0.166667   -0.011079   -0.001685    0.208333   -0.013354    0.012749    0.250000    0.014345    0.012067
5.63 5.73    2.092948    0.041667   -0.179785    0.192863    0.083333   -0.004339   -0.022253    0.125000    0.000026   -0.031156    0.166667   -0.010876   -0.000759    0.208333   -0.014332    0.013884    0.250000    0.014555    0.013035
5.64 5.74    2.085079    0.041667   -0.180521    0.192863    0.083333   -0.005138   -0.022192    0.125000    0.001111   -0.029251    0.166667   -0.010452    0.000686    0.208333   -0.015256    0.015055    0.250000    0.015076    0.013914
5.65 5.75    2.077843    0.041667   -0.181028    0.192659    0.083333   -0.005217   -0.022278    0.125000    0.002692   -0.026926    0.166667   -0.010467    0.002898    0.208333   -0.016018    0.016215    0.250000    0.016196    0.014678
5.66 5.76    2.071579    0.041667   -0.180954    0.191572    0.083333   -0.005901   -0.023409    0.125000    0.004091   -0.025487    0.166667   -0.010570    0.004265    0.208333   -0.017048    0.017478    0.250000    0.016755    0.014831
5.67 5.77    2.069140    0.041667   -0.179363    0.188467    0.083333   -0.006694   -0.026824    0.125000    0.005675   -0.023530    0.166667   -0.009406    0.005276    0.208333   -0.017664    0.019770    0.250000    0.015787    0.013336
5.68 5.78    2.062384    0.041667   -0.178044    0.191067    0.083333   -0.008697   -0.028522    0.125000    0.006945   -0.023791    0.166667   -0.007492    0.011821    0.208333   -0.017507    0.019010    0.250000    0.017240    0.009117
5.69 5.79    2.044900    0.041667   -0.183255    0.189938    0.083333   -0.011534   -0.026152    0.125000    0.000591   -0.020057    0.166667   -0.006148    0.013659    0.208333   -0.015263    0.019068    0.250000    0.019390    0.010021
5.70 5.80    2.037910    0.041667   -0.182797    0.192557    0.083333   -0.010543   -0.027076    0.125000    0.001683   -0.025183    0.166667   -0.006871    0.013546    0.208333   -0.015005    0.019053    0.250000    0.019752    0.008946
5.71 5.81    2.024083    0.041667   -0.186191    0.193137    0.083333   -0.008379   -0.027729    0.125000    0.001489   -0.027268    0.166667   -0.009574    0.011458    0.208333   -0.012449    0.016089    0.250000    0.022458    0.010323
5.72 5.82    2.019331    0.041667   -0.184309    0.192465    0.083333    0.000720   -0.029488    0.125000   -0.002040   -0.030676    0.166667   -0.013279    0.006806    0.208333   -0.016114    0.017799    0.250000    0.020159    0.009984
5.73 5.83    2.021813    0.041667   -0.182003    0.190526    0.083333    0.005066   -0.030481    0.125000   -0.004533   -0.029529    0.166667   -0.012172    0.005861    0.208333   -0.015836    0.018744    0.250000    0.020293    0.008633
5.74 5.84    2.019167    0.041667   -0.181800    0.190295    0.083333    0.006417   -0.030946    0.125000   -0.005684   -0.030345    0.166667   -0.012480    0.005607    0.208333   -0.015685    0.018498    0.250000    0.020748    0.007928
5.75 5.85    2.015446    0.041667   -0.181758    0.189940    0.083333    0.007729   -0.031666    0.125000   -0.007527   -0.031633    0.166667   -0.012729    0.004881    0.208333   -0.015264    0.018115    0.250000    0.020784    0.007170
5.76 5.86    2.009298    0.041667   -0.182334    0.190232    0.083333    0.010538   -0.031971    0.125000   -0.010076   -0.032936    0.166667   -0.012855    0.004600    0.208333   -0.014507    0.017632    0.250000    0.021087    0.006535
5.77 5.87    1.993829    0.041667   -0.185279    0.192863    0.083333    0.016528   -0.028961    0.125000   -0.015064   -0.036027    0.166667   -0.014613    0.004843    0.208333   -0.013944    0.014588    0.250000    0.023575    0.006721
5.78 5.88    1.974281    0.041667   -0.191164    0.187038    0.083333    0.030996   -0.026106    0.125000   -0.024709   -0.038303    0.166667   -0.020222   -0.007974    0.208333   -0.011862    0.015118    0.250000    0.022914    0.014315
5.79 5.89    1.985291    0.041667   -0.184031    0.190704    0.083333    0.047985   -0.036025    0.125000   -0.016811   -0.053368    0.166667   -0.028042   -0.020112    0.208333   -0.016415    0.015670    0.250000    0.017680    0.011542
5.80 5.90    1.976252    0.041667   -0.188347    0.179387    0.083333    0.071095   -0.037165    0.125000   -0.030123   -0.041025    0.166667   -0.034081   -0.031306    0.208333   -0.017744    0.015648    0.250000    0.016038    0.014873
