2.00 2.10    0.976916    0.041667   -0.009953    0.010073    0.083333   -0.001961    0.009727    0.125000    0.000069    0.006245    0.166667    0.006580    0.004426    0.208333    0.004024   -0.003970    0.250000    0.002008   -0.001671
2.01 2.11    0.976703    0.041667   -0.006813    0.003178    0.083333    0.002183    0.013578    0.125000   -0.004986    0.006527    0.166667    0.007889   -0.001080    0.208333    0.007517    0.000678    0.250000   -0.003456    0.000166
2.02 2.12    0.976487    0.041667   -0.003581   -0.003827    0.083333    0.006394    0.017598    0.125000   -0.010174    0.006714    0.166667    0.008909   -0.006578    0.208333    0.010845    0.005400    0.250000   -0.008463    0.001996
2.03 2.13    0.976270    0.041667   -0.001604   -0.007729    0.083333    0.008449    0.019401    0.125000   -0.012868    0.006520    0.166667    0.009201   -0.009489    0.208333    0.012149    0.007965    0.250000   -0.010915    0.002939
2.04 2.14    0.976051    0.041667   -0.000544   -0.009315    0.083333    0.008629    0.019708    0.125000   -0.013641    0.005957    0.166667    0.009780   -0.010275    0.208333    0.011720    0.010008    0.250000   -0.011683    0.002502
2.05 2.15    0.975830    0.041667    0.000554   -0.010365    0.083333    0.008844    0.019890    0.125000   -0.013998    0.005319    0.166667    0.010310   -0.010738    0.208333    0.011168    0.011489    0.250000   -0.012232    0.001753
2.06 2.16    0.975607    0.041667    0.001557   -0.011438    0.083333    0.008928    0.019933    0.125000   -0.014347    0.004718    0.166667    0.010755   -0.011051    0.208333    0.010583    0.012721    0.250000   -0.012552    0.001228
2.07 2.17    0.975382    0.041667    0.002302   -0.012292    0.083333    0.008840    0.020076    0.125000   -0.014523    0.004024    0.166667    0.010924   -0.011223    0.208333    0.009988    0.013691    0.250000   -0.012782    0.000588
2.08 2.18    0.975155    0.041667    0.002913   -0.012846    0.083333    0.008682    0.020272    0.125000   -0.014770    0.003467    0.166667    0.011209   -0.011442    0.208333    0.009339    0.014321    0.250000   -0.012504   -0.000097
2.09 2.19    0.974926    0.041667    0.003477   -0.013525    0.083333    0.008484    0.020405    0.125000   -0.014901    0.002703    0.166667    0.011224   -0.011448    0.208333    0.008901    0.014797    0.250000   -0.012315   -0.000653
2.10 2.20    0.974694    0.041667    0.004144   -0.014070    0.083333    0.008106    0.020411    0.125000   -0.015113    0.002109    0.166667    0.011200   -0.011507    0.208333    0.008531    0.015259    0.250000   -0.012087   -0.001370
2.11 2.21    0.974461    0.041667    0.002983   -0.010567    0.083333    0.005010    0.017279    0.125000   -0.011244    0.001196    0.166667    0.009897   -0.007641    0.208333    0.005337    0.012785    0.250000   -0.008171   -0.003168
2.12 2.22    0.974226    0.041667    0.001602   -0.006567    0.083333    0.001766    0.013800    0.125000   -0.007011    0.000426    0.166667    0.008665   -0.003451    0.208333    0.002065    0.010237    0.250000   -0.004374   -0.004946
2.13 2.23    0.973988    0.041667    0.000949   -0.004589    0.083333   -0.000120    0.011840    0.125000   -0.004664   -0.000165    0.166667    0.008004   -0.001085    0.208333    0.000415    0.009019    0.250000   -0.002415   -0.005929
2.14 2.24    0.973749    0.041667    0.000822   -0.004000    0.083333   -0.000485    0.010827    0.125000   -0.003732   -0.000312    0.166667    0.007340   -0.000140    0.208333    0.000157    0.008241    0.250000   -0.001571   -0.005793
2.15 2.25    0.973507    0.041667    0.000709   -0.003706    0.083333   -0.000808    0.010178    0.125000   -0.003177   -0.000427    0.166667    0.006665    0.000487    0.208333    0.000013    0.007654    0.250000   -0.000995   -0.005541
2.16 2.26    0.973263    0.041667    0.000616   -0.003432    0.083333   -0.001022    0.009448    0.125000   -0.002479   -0.000622    0.166667    0.006107    0.000929    0.208333   -0.000112    0.007170    0.250000   -0.000644   -0.005302
2.17 2.27    0.973017    0.041667    0.000537   -0.003278    0.083333   -0.001278    0.008799    0.125000   -0.002038   -0.000579    0.166667    0.005600    0.001249    0.208333   -0.000133    0.006786    0.250000   -0.000252   -0.005018
2.18 2.28    0.972769    0.041667    0.000364   -0.003139    0.083333   -0.001601    0.008129    0.125000   -0.001604   -0.000446    0.166667    0.005177    0.001733    0.208333   -0.000047    0.006597    0.250000   -0.000101   -0.004630
2.19 2.29    0.972518    0.041667    0.000358   -0.002940    0.083333   -0.001751    0.007589    0.125000   -0.001169   -0.000264    0.166667    0.004970    0.002020    0.208333   -0.000054    0.006313    0.250000    0.000089   -0.004446
2.20 2.30    0.972265    0.041667    0.000239   -0.002907    0.083333   -0.001733    0.007001    0.125000   -0.000817   -0.000204    0.166667    0.004687    0.002376    0.208333   -0.000167    0.005988    0.250000    0.000085   -0.004030
2.21 2.31    0.972010    0.041667    0.000300   -0.002799    0.083333   -0.001804    0.006568    0.125000   -0.000537   -0.000167    0.166667    0.004408    0.002584    0.208333   -0.000148    0.005789    0.250000    0.000254   -0.003757
2.22 2.32    0.971753    0.041667    0.000399   -0.002802    0.083333   -0.001830    0.006044    0.125000   -0.000399   -0.000213    0.166667    0.003965    0.002792    0.208333   -0.000095    0.005446    0.250000    0.000339   -0.003518
2.23 2.33    0.971493    0.041667    0.000381   -0.002606    0.083333   -0.001829    0.005688    0.125000   -0.000282   -0.000051    0.166667    0.003692    0.002970    0.208333   -0.000027    0.005244    0.250000    0.000403   -0.003313
2.24 2.34    0.971231    0.041667    0.000484   -0.002453    0.083333   -0.001885    0.005395    0.125000   -0.000193   -0.000095    0.166667    0.003356    0.003006    0.208333   -0.000037    0.004881    0.250000    0.000336   -0.003108
2.25 2.35    0.970967    0.041667    0.000556   -0.002396    0.083333   -0.001944    0.005128    0.125000   -0.000018   -0.000057    0.166667    0.003097    0.003070    0.208333   -0.000076    0.004562    0.250000    0.000392   -0.002889
2.26 2.36    0.970701    0.041667    0.000658   -0.002273    0.083333   -0.001882    0.005064    0.125000    0.000032   -0.000006    0.166667    0.002873    0.003115    0.208333   -0.000057    0.004247    0.250000    0.000513   -0.002725
2.27 2.37    0.970432    0.041667    0.000698   -0.002237    0.083333   -0.001874    0.004958    0.125000    0.000120    0.000099    0.166667    0.002668    0.003206    0.208333   -0.000100    0.004007    0.250000    0.000594   -0.002542
2.28 2.38    0.970160    0.041667    0.000812   -0.002160    0.083333   -0.001824    0.004803    0.125000    0.000080    0.000097    0.166667    0.002429    0.003250    0.208333   -0.000118    0.003791    0.250000    0.000661   -0.002347
2.29 2.39    0.969886    0.041667    0.000773   -0.002083    0.083333   -0.001904    0.004723    0.125000    0.000050    0.000130    0.166667    0.002190    0.003363    0.208333   -0.000124    0.003618    0.250000    0.000744   -0.002164
2.30 2.40    0.969610    0.041667    0.000869   -0.001969    0.083333   -0.001946    0.004607    0.125000    0.000116    0.000095    0.166667    0.001948    0.003411    0.208333   -0.000178    0.003378    0.250000    0.000820   -0.002100
2.31 2.41    0.969331    0.041667    0.000983   -0.001950    0.083333   -0.001935    0.004378    0.125000    0.000104    0.000036    0.166667    0.001753    0.003333    0.208333   -0.000167    0.003084    0.250000    0.000770   -0.002038
2.32 2.42    0.969050    0.041667    0.000913   -0.001936    0.083333   -0.002032    0.004362    0.125000    0.000121    0.000031    0.166667    0.001623    0.003369    0.208333   -0.000146    0.002865    0.250000    0.000784   -0.001963
2.33 2.43    0.968767    0.041667    0.000990   -0.001953    0.083333   -0.002104    0.004214    0.125000    0.000076    0.000052    0.166667    0.001394    0.003329    0.208333   -0.000203    0.002649    0.250000    0.000806   -0.001842
2.34 2.44    0.968481    0.041667    0.000905   -0.001948    0.083333   -0.002152    0.003976    0.125000    0.000126    0.000233    0.166667    0.001107    0.003251    0.208333   -0.000157    0.002526    0.250000    0.000767   -0.001719
2.35 2.45    0.968192    0.041667    0.000727   -0.001807    0.083333   -0.002081    0.003605    0.125000    0.000247    0.000527    0.166667    0.000639    0.003044    0.208333    0.000069    0.002401    0.250000    0.000566   -0.001581
2.36 2.46    0.967901    0.041667    0.000577   -0.001795    0.083333   -0.002121    0.003144    0.125000    0.000304    0.000785    0.166667    0.000123    0.002887    0.208333    0.000342    0.002362    0.250000    0.000278   -0.001441
2.37 2.47    0.967607    0.041667    0.000488   -0.001733    0.083333   -0.002130    0.002707    0.125000    0.000385    0.000935    0.166667   -0.000307    0.002618    0.208333    0.000626    0.002278    0.250000    0.000042   -0.001390
2.38 2.48    0.967310    0.041667    0.000293   -0.001580    0.083333   -0.002150    0.002331    0.125000    0.000424    0.001103    0.166667   -0.000678    0.002293    0.208333    0.000882    0.002165    0.250000   -0.000152   -0.001355
2.39 2.49    0.967011    0.041667    0.000133   -0.001413    0.083333   -0.002037    0.001997    0.125000    0.000407    0.001263    0.166667   -0.001002    0.001946    0.208333    0.001130    0.002115    0.250000   -0.000455   -0.001281
2.40 2.50    0.966710    0.041667   -0.000054   -0.001304    0.083333   -0.001953    0.001700    0.125000    0.000414    0.001460    0.166667   -0.001244    0.001655    0.208333    0.001444    0.002047    0.250000   -0.000648   -0.001244
2.41 2.51    0.966405    0.041667   -0.000198   -0.001189    0.083333   -0.001879    0.001532    0.125000    0.000436    0.001661    0.166667   -0.001506    0.001299    0.208333    0.001723    0.002000    0.250000   -0.000885   -0.001145
2.42 2.52    0.966098    0.041667   -0.000224   -0.001072    0.083333   -0.001792    0.001270    0.125000    0.000442    0.001811    0.166667   -0.001729    0.000986    0.208333    0.002072    0.001914    0.250000   -0.001156   -0.001076
2.43 2.53    0.965789    0.041667   -0.000276   -0.001002    0.083333   -0.001727    0.001112    0.125000    0.000535    0.001954    0.166667   -0.001912    0.000694    0.208333    0.002377    0.001832    0.250000   -0.001365   -0.001107
2.44 2.54    0.965476    0.041667   -0.000279   -0.000870    0.083333   -0.001666    0.001071    0.125000    0.000474    0.002076    0.166667   -0.002039    0.000546    0.208333    0.002620    0.001882    0.250000   -0.001533   -0.001103
2.45 2.55    0.965161    0.041667   -0.000199   -0.000772    0.083333   -0.001642    0.001094    0.125000    0.000397    0.002015    0.166667   -0.002060    0.000506    0.208333    0.002723    0.001949    0.250000   -0.001614   -0.001077
2.46 2.56    0.964843    0.041667   -0.000170   -0.000619    0.083333   -0.001651    0.001196    0.125000    0.000385    0.002018    0.166667   -0.002046    0.000472    0.208333    0.002765    0.001818    0.250000   -0.001565   -0.001136
2.47 2.57    0.964522    0.041667   -0.000044   -0.000411    0.083333   -0.001572    0.001338    0.125000    0.000295    0.002069    0.166667   -0.002054    0.000427    0.208333    0.002856    0.001669    0.250000   -0.001549   -0.001127
2.48 2.58    0.964198    0.041667    0.000158   -0.000384    0.083333   -0.001438    0.001408    0.125000    0.000307    0.002083    0.166667   -0.002014    0.000458    0.208333    0.002902    0.001493    0.250000   -0.001530   -0.001160
2.49 2.59    0.963872    0.041667    0.000350   -0.000372    0.083333   -0.001381    0.001382    0.125000    0.000353    0.002168    0.166667   -0.001959    0.000523    0.208333    0.002951    0.001300    0.250000   -0.001521   -0.001211
2.50 2.60    0.963543    0.041667    0.000459   -0.000184    0.083333   -0.001388    0.001414    0.125000    0.000317    0.002294    0.166667   -0.001896    0.000596    0.208333    0.002989    0.001243    0.250000   -0.001486   -0.001203
2.51 2.61    0.963211    0.041667    0.000496   -0.000117    0.083333   -0.001334    0.001378    0.125000    0.000428    0.002466    0.166667   -0.001823    0.000821    0.208333    0.003025    0.001222    0.250000   -0.001398   -0.001231
2.52 2.62    0.962875    0.041667    0.000637   -0.000018    0.083333   -0.001270    0.001366    0.125000    0.000481    0.002565    0.166667   -0.001710    0.000942    0.208333    0.002955    0.001194    0.250000   -0.001310   -0.001250
2.53 2.63    0.962537    0.041667    0.000839    0.000094    0.083333   -0.001234    0.001294    0.125000    0.000592    0.002643    0.166667   -0.001603    0.001049    0.208333    0.002930    0.001051    0.250000   -0.001225   -0.001253
2.54 2.64    0.962196    0.041667    0.001018    0.000103    0.083333   -0.001176    0.001267    0.125000    0.000675    0.002660    0.166667   -0.001470    0.001124    0.208333    0.002861    0.000844    0.250000   -0.001074   -0.001222
2.55 2.65    0.961852    0.041667    0.001254    0.000063    0.083333   -0.001104    0.001152    0.125000    0.000747    0.002694    0.166667   -0.001280    0.001187    0.208333    0.002810    0.000658    0.250000   -0.000953   -0.001290
2.56 2.66    0.961505    0.041667    0.001470    0.000031    0.083333   -0.001009    0.001042    0.125000    0.000751    0.002743    0.166667   -0.001149    0.001235    0.208333    0.002692    0.000612    0.250000   -0.000956   -0.001274
2.57 2.67    0.961155    0.041667    0.001650   -0.000038    0.083333   -0.000961    0.000855    0.125000    0.000817    0.002737    0.166667   -0.000975    0.001330    0.208333    0.002576    0.000594    0.250000   -0.000899   -0.001258
2.58 2.68    0.960802    0.041667    0.001818   -0.000049    0.083333   -0.000976    0.000762    0.125000    0.000848    0.002800    0.166667   -0.000848    0.001401    0.208333    0.002465    0.000621    0.250000   -0.000876   -0.001145
2.59 2.69    0.960446    0.041667    0.002061   -0.000121    0.083333   -0.001006    0.000699    0.125000    0.000960    0.002822    0.166667   -0.000715    0.001441    0.208333    0.002410    0.000613    0.250000   -0.000841   -0.001003
2.60 2.70    0.960087    0.041667    0.002329   -0.000289    0.083333   -0.001031    0.000617    0.125000    0.001110    0.002881    0.166667   -0.000647    0.001414    0.208333    0.002368    0.000517    0.250000   -0.000857   -0.000897
2.61 2.71    0.959725    0.041667    0.002597   -0.000363    0.083333   -0.001050    0.000609    0.125000    0.001213    0.002911    0.166667   -0.000601    0.001344    0.208333    0.002287    0.000358    0.250000   -0.000821   -0.000828
2.62 2.72    0.959359    0.041667    0.002728   -0.000458    0.083333   -0.001096    0.000589    0.125000    0.001303    0.002945    0.166667   -0.000619    0.001270    0.208333    0.002197    0.000274    0.250000   -0.000780   -0.000740
2.63 2.73    0.958990    0.041667    0.002798   -0.000560    0.083333   -0.001023    0.000564    0.125000    0.001356    0.003030    0.166667   -0.000642    0.001269    0.208333    0.002099    0.000231    0.250000   -0.000819   -0.000647
2.64 2.74    0.958618    0.041667    0.002822   -0.000597    0.083333   -0.001013    0.000560    0.125000    0.001427    0.003054    0.166667   -0.000639    0.001211    0.208333    0.001999    0.000143    0.250000   -0.000900   -0.000532
2.65 2.75    0.958243    0.041667    0.002848   -0.000706    0.083333   -0.001056    0.000563    0.125000    0.001466    0.003165    0.166667   -0.000703    0.001099    0.208333    0.001906   -0.000012    0.250000   -0.000933   -0.000453
2.66 2.76    0.957865    0.041667    0.002918   -0.000765    0.083333   -0.001068    0.000564    0.125000    0.001570    0.003184    0.166667   -0.000641    0.001026    0.208333    0.001886   -0.000204    0.250000   -0.000858   -0.000339
2.67 2.77    0.957483    0.041667    0.002937   -0.000871    0.083333   -0.001094    0.000641    0.125000    0.001656    0.003241    0.166667   -0.000669    0.000936    0.208333    0.001821   -0.000368    0.250000   -0.000858   -0.000277
2.68 2.78    0.957098    0.041667    0.002905   -0.001000    0.083333   -0.001065    0.000670    0.125000    0.001751    0.003277    0.166667   -0.000692    0.000808    0.208333    0.001745   -0.000539    0.250000   -0.000905   -0.000342
2.69 2.79    0.956710    0.041667    0.002780   -0.001072    0.083333   -0.000990    0.000687    0.125000    0.001732    0.003356    0.166667   -0.000755    0.000714    0.208333    0.001562   -0.000736    0.250000   -0.000926   -0.000383
2.70 2.80    0.956318    0.041667    0.002635   -0.001160    0.083333   -0.000834    0.000683    0.125000    0.001693    0.003351    0.166667   -0.000838    0.000599    0.208333    0.001430   -0.000928    0.250000   -0.000949   -0.000421
2.71 2.81    0.955923    0.041667    0.002612   -0.001231    0.083333   -0.000785    0.000633    0.125000    0.001657    0.003324    0.166667   -0.000906    0.000422    0.208333    0.001322   -0.001073    0.250000   -0.001040   -0.000382
2.72 2.82    0.955525    0.041667    0.002694   -0.001290    0.083333   -0.000691    0.000577    0.125000    0.001709    0.003328    0.166667   -0.000897    0.000263    0.208333    0.001296   -0.001185    0.250000   -0.001063   -0.000297
2.73 2.83    0.955123    0.041667    0.002674   -0.001363    0.083333   -0.000669    0.000590    0.125000    0.001709    0.003327    0.166667   -0.000927    0.000094    0.208333    0.001241   -0.001311    0.250000   -0.001082   -0.000234
2.74 2.84    0.954718    0.041667    0.002749   -0.001500    0.083333   -0.000617    0.000533    0.125000    0.001784    0.003413    0.166667   -0.000991   -0.000047    0.208333    0.001226   -0.001440    0.250000   -0.001047   -0.000199
2.75 2.85    0.954309    0.041667    0.002815   -0.001571    0.083333   -0.000584    0.000556    0.125000    0.001844    0.003456    0.166667   -0.001046   -0.000118    0.208333    0.001183   -0.001578    0.250000   -0.001082   -0.000120
2.76 2.86    0.953897    0.041667    0.002796   -0.001737    0.083333   -0.000536    0.000503    0.125000    0.001867    0.003535    0.166667   -0.001125   -0.000224    0.208333    0.001130   -0.001788    0.250000   -0.001140   -0.000111
2.77 2.87    0.953481    0.041667    0.002872   -0.001849    0.083333   -0.000441    0.000377    0.125000    0.001939    0.003600    0.166667   -0.001184   -0.000281    0.208333    0.001055   -0.002009    0.250000   -0.001219   -0.000104
2.78 2.88    0.953061    0.041667    0.002997   -0.001877    0.083333   -0.000512    0.000291    0.125000    0.001992    0.003658    0.166667   -0.001275   -0.000344    0.208333    0.000995   -0.002183    0.250000   -0.001191   -0.000093
2.79 2.89    0.952638    0.041667    0.003178   -0.001949    0.083333   -0.000489    0.000268    0.125000    0.002124    0.003674    0.166667   -0.001281   -0.000378    0.208333    0.001016   -0.002307    0.250000   -0.001036   -0.000101
2.80 2.90    0.952212    0.041667    0.003314   -0.002035    0.083333   -0.000553    0.000248    0.125000    0.002202    0.003752    0.166667   -0.001190   -0.000339    0.208333    0.001071   -0.002359    0.250000   -0.000872   -0.000051
2.81 2.91    0.951782    0.041667    0.003287   -0.002186    0.083333   -0.000563    0.000244    0.125000    0.002255    0.003852    0.166667   -0.001146   -0.000255    0.208333    0.001065   -0.002438    0.250000   -0.000694   -0.000050
2.82 2.92    0.951348    0.041667    0.003227   -0.002374    0.083333   -0.000594    0.000146    0.125000    0.002274    0.003946    0.166667   -0.001110   -0.000241    0.208333    0.000996   -0.002553    0.250000   -0.000517   -0.000146
2.83 2.93    0.950910    0.041667    0.003311   -0.002546    0.083333   -0.000651   -0.000004    0.125000    0.002288    0.004018    0.166667   -0.001037   -0.000336    0.208333    0.000960   -0.002544    0.250000   -0.000277   -0.000227
2.84 2.94    0.950469    0.041667    0.003366   -0.002648    0.083333   -0.000677   -0.000080    0.125000    0.002243    0.004132    0.166667   -0.000961   -0.000408    0.208333    0.000900   -0.002524    0.250000   -0.000083   -0.000350
2.85 2.95    0.950023    0.041667    0.003474   -0.002674    0.083333   -0.000773   -0.000151    0.125000    0.002332    0.004218    0.166667   -0.000841   -0.000514    0.208333    0.000859   -0.002399    0.250000    0.000128   -0.000532
2.86 2.96    0.949574    0.041667    0.003655   -0.002711    0.083333   -0.000854   -0.000158    0.125000    0.002403    0.004213    0.166667   -0.000741   -0.000578    0.208333    0.000846   -0.002210    0.250000    0.000330   -0.000584
2.87 2.97    0.949122    0.041667    0.003731   -0.002782    0.083333   -0.000923   -0.000106    0.125000    0.002429    0.004201    0.166667   -0.000578   -0.000690    0.208333    0.000847   -0.002065    0.250000    0.000612   -0.000628
2.88 2.98    0.948665    0.041667    0.003869   -0.002939    0.083333   -0.000871   -0.000150    0.125000    0.002459    0.004246    0.166667   -0.000479   -0.000842    0.208333    0.000808   -0.001980    0.250000    0.000856   -0.000640
2.89 2.99    0.948205    0.041667    0.003899   -0.003078    0.083333   -0.000934   -0.000191    0.125000    0.002424    0.004376    0.166667   -0.000427   -0.001065    0.208333    0.000716   -0.001864    0.250000    0.000988   -0.000631
2.90 3.00    0.947740    0.041667    0.004022   -0.003151    0.083333   -0.000940   -0.000279    0.125000    0.002469    0.004390    0.166667   -0.000391   -0.001301    0.208333    0.000566   -0.001716    0.250000    0.001098   -0.000715
2.91 3.01    0.947272    0.041667    0.004295   -0.003131    0.083333   -0.000906   -0.000398    0.125000    0.002458    0.004436    0.166667   -0.000268   -0.001556    0.208333    0.000438   -0.001548    0.250000    0.001218   -0.000722
2.92 3.02    0.946800    0.041667    0.004548   -0.003060    0.083333   -0.000928   -0.000352    0.125000    0.002502    0.004465    0.166667   -0.000217   -0.001712    0.208333    0.000299   -0.001380    0.250000    0.001333   -0.000704
2.93 3.03    0.946323    0.041667    0.004799   -0.002992    0.083333   -0.000972   -0.000310    0.125000    0.002486    0.004523    0.166667   -0.000203   -0.001727    0.208333    0.000123   -0.001220    0.250000    0.001437   -0.000681
2.94 3.04    0.945843    0.041667    0.004981   -0.002988    0.083333   -0.001026   -0.000332    0.125000    0.002499    0.004582    0.166667   -0.000213   -0.001833    0.208333   -0.000057   -0.001114    0.250000    0.001527   -0.000632
2.95 3.05    0.945359    0.041667    0.005131   -0.003064    0.083333   -0.000934   -0.000337    0.125000    0.002316    0.004635    0.166667   -0.000142   -0.001944    0.208333   -0.000176   -0.001044    0.250000    0.001628   -0.000517
2.96 3.06    0.944870    0.041667    0.005221   -0.003070    0.083333   -0.000891   -0.000403    0.125000    0.002211    0.004766    0.166667   -0.000132   -0.002113    0.208333   -0.000263   -0.000970    0.250000    0.001735   -0.000438
2.97 3.07    0.944378    0.041667    0.005350   -0.003136    0.083333   -0.000888   -0.000501    0.125000    0.002129    0.004830    0.166667   -0.000166   -0.002246    0.208333   -0.000322   -0.000798    0.250000    0.001758   -0.000368
2.98 3.08    0.943881    0.041667    0.005413   -0.003144    0.083333   -0.000913   -0.000596    0.125000    0.002049    0.004899    0.166667   -0.000110   -0.002342    0.208333   -0.000349   -0.000701    0.250000    0.001765   -0.000293
2.99 3.09    0.943380    0.041667    0.005643   -0.002978    0.083333   -0.000943   -0.000608    0.125000    0.002013    0.004963    0.166667   -0.000087   -0.002352    0.208333   -0.000428   -0.000587    0.250000    0.001899   -0.000247
3.00 3.10    0.942875    0.041667    0.005760   -0.002827    0.083333   -0.001060   -0.000553    0.125000    0.001970    0.005100    0.166667   -0.000054   -0.002342    0.208333   -0.000485   -0.000550    0.250000    0.002096   -0.000167
3.01 3.11    0.942366    0.041667    0.005792   -0.002791    0.083333   -0.001185   -0.000431    0.125000    0.001924    0.005188    0.166667   -0.000061   -0.002318    0.208333   -0.000540   -0.000515    0.250000    0.002175   -0.000101
3.02 3.12    0.941853    0.041667    0.005801   -0.002852    0.083333   -0.001132   -0.000401    0.125000    0.001801    0.005348    0.166667   -0.000053   -0.002305    0.208333   -0.000581   -0.000516    0.250000    0.002202    0.000024
3.03 3.13    0.941335    0.041667    0.005715   -0.002965    0.083333   -0.001054   -0.000360    0.125000    0.001737    0.005468    0.166667    0.000022   -0.002333    0.208333   -0.000610   -0.000547    0.250000    0.002217    0.000094
3.04 3.14    0.940813    0.041667    0.005709   -0.003148    0.083333   -0.000925   -0.000313    0.125000    0.001655    0.005550    0.166667    0.000068   -0.002236    0.208333   -0.000586   -0.000562    0.250000    0.002268    0.000130
3.05 3.15    0.940286    0.041667    0.005634   -0.003326    0.083333   -0.000839   -0.000289    0.125000    0.001606    0.005648    0.166667    0.000075   -0.002163    0.208333   -0.000673   -0.000545    0.250000    0.002355    0.000184
3.06 3.16    0.939755    0.041667    0.005666   -0.003413    0.083333   -0.000750   -0.000179    0.125000    0.001516    0.005733    0.166667    0.000132   -0.002041    0.208333   -0.000899   -0.000467    0.250000    0.002392    0.000057
3.07 3.17    0.939220    0.041667    0.005771   -0.003397    0.083333   -0.000703   -0.000015    0.125000    0.001441    0.005764    0.166667    0.000173   -0.001937    0.208333   -0.001099   -0.000411    0.250000    0.002480   -0.000024
3.08 3.18    0.938680    0.041667    0.005848   -0.003440    0.083333   -0.000585    0.000212    0.125000    0.001368    0.005799    0.166667    0.000125   -0.001847    0.208333   -0.001250   -0.000309    0.250000    0.002643   -0.000133
3.09 3.19    0.938136    0.041667    0.005807   -0.003677    0.083333   -0.000400    0.000314    0.125000    0.001289    0.005814    0.166667    0.000191   -0.001831    0.208333   -0.001313   -0.000299    0.250000    0.002729   -0.000199
3.10 3.20    0.937587    0.041667    0.005848   -0.003943    0.083333   -0.000056    0.000392    0.125000    0.001116    0.005849    0.166667    0.000245   -0.001922    0.208333   -0.001412   -0.000131    0.250000    0.002797   -0.000273
3.11 3.21    0.937034    0.041667    0.005846   -0.004163    0.083333    0.000313    0.000345    0.125000    0.001050    0.005871    0.166667    0.000284   -0.001971    0.208333   -0.001475    0.000038    0.250000    0.002939   -0.000422
3.12 3.22    0.936476    0.041667    0.005895   -0.004281    0.083333    0.000579    0.000384    0.125000    0.000956    0.005881    0.166667    0.000333   -0.002050    0.208333   -0.001589    0.000136    0.250000    0.003008   -0.000558
3.13 3.23    0.935914    0.041667    0.005971   -0.004330    0.083333    0.000833    0.000431    0.125000    0.000923    0.005912    0.166667    0.000296   -0.002142    0.208333   -0.001664    0.000181    0.250000    0.003088   -0.000609
3.14 3.24    0.935347    0.041667    0.006153   -0.004234    0.083333    0.000949    0.000542    0.125000    0.000915    0.005870    0.166667    0.000407   -0.002221    0.208333   -0.001781    0.000364    0.250000    0.003146   -0.000690
3.15 3.25    0.934775    0.041667    0.006376   -0.004142    0.083333    0.001144    0.000690    0.125000    0.000922    0.005892    0.166667    0.000494   -0.002256    0.208333   -0.001781    0.000499    0.250000    0.003157   -0.000767
3.16 3.26    0.934199    0.041667    0.006544   -0.004138    0.083333    0.001362    0.000750    0.125000    0.000916    0.005907    0.166667    0.000598   -0.002395    0.208333   -0.001710    0.000549    0.250000    0.003145   -0.000742
3.17 3.27    0.933618    0.041667    0.006614   -0.004201    0.083333    0.001592    0.000829    0.125000    0.000884    0.005993    0.166667    0.000685   -0.002475    0.208333   -0.001626    0.000708    0.250000    0.003141   -0.000767
3.18 3.28    0.933032    0.041667    0.006732   -0.004260    0.083333    0.001770    0.000882    0.125000    0.000834    0.006064    0.166667    0.000882   -0.002532    0.208333   -0.001613    0.000856    0.250000    0.002998   -0.000723
3.19 3.29    0.932441    0.041667    0.006826   -0.004297    0.083333    0.001940    0.000948    0.125000    0.000737    0.006097    0.166667    0.000920   -0.002656    0.208333   -0.001669    0.001013    0.250000    0.002858   -0.000756
3.20 3.30    0.931845    0.041667    0.006934   -0.004377    0.083333    0.002033    0.001048    0.125000    0.000751    0.006180    0.166667    0.000962   -0.002642    0.208333   -0.001768    0.001069    0.250000    0.002691   -0.000784
3.21 3.31    0.931245    0.041667    0.007201   -0.004295    0.083333    0.002034    0.001197    0.125000    0.000725    0.006263    0.166667    0.000969   -0.002682    0.208333   -0.001814    0.001086    0.250000    0.002541   -0.000805
3.22 3.32    0.930640    0.041667    0.007539   -0.004180    0.083333    0.002008    0.001292    0.125000    0.000804    0.006322    0.166667    0.001032   -0.002722    0.208333   -0.001866    0.001150    0.250000    0.002475   -0.000837
3.23 3.33    0.930029    0.041667    0.007870   -0.004116    0.083333    0.002010    0.001403    0.125000    0.000746    0.006327    0.166667    0.001147   -0.002809    0.208333   -0.001952    0.001271    0.250000    0.002378   -0.000845
3.24 3.34    0.929414    0.041667    0.008046   -0.004128    0.083333    0.002097    0.001436    0.125000    0.000641    0.006470    0.166667    0.001202   -0.002908    0.208333   -0.002024    0.001223    0.250000    0.002301   -0.000820
3.25 3.35    0.928794    0.041667    0.008213   -0.004168    0.083333    0.002050    0.001383    0.125000    0.000573    0.006543    0.166667    0.001230   -0.002967    0.208333   -0.002070    0.001251    0.250000    0.002233   -0.000769
3.26 3.36    0.928169    0.041667    0.008362   -0.004170    0.083333    0.002041    0.001287    0.125000    0.000472    0.006591    0.166667    0.001281   -0.002914    0.208333   -0.002206    0.001323    0.250000    0.002281   -0.000657
3.27 3.37    0.927539    0.041667    0.008470   -0.004247    0.083333    0.002099    0.001075    0.125000    0.000381    0.006695    0.166667    0.001373   -0.002993    0.208333   -0.002381    0.001313    0.250000    0.002284   -0.000497
3.28 3.38    0.926903    0.041667    0.008551   -0.004267    0.083333    0.002058    0.000972    0.125000    0.000347    0.006803    0.166667    0.001400   -0.002988    0.208333   -0.002547    0.001361    0.250000    0.002308   -0.000356
3.29 3.39    0.926263    0.041667    0.008807   -0.004169    0.083333    0.001958    0.000944    0.125000    0.000363    0.006863    0.166667    0.001530   -0.002949    0.208333   -0.002702    0.001428    0.250000    0.002255   -0.000223
3.30 3.40    0.925617    0.041667    0.009131   -0.004008    0.083333    0.001881    0.000855    0.125000    0.000351    0.006741    0.166667    0.001629   -0.002957    0.208333   -0.002799    0.001384    0.250000    0.002205   -0.000068
3.31 3.41    0.924966    0.041667    0.009338   -0.003983    0.083333    0.001874    0.000803    0.125000    0.000281    0.006756    0.166667    0.001800   -0.002925    0.208333   -0.003017    0.001343    0.250000    0.002118    0.000124
3.32 3.42    0.924310    0.041667    0.009452   -0.004152    0.083333    0.001921    0.000677    0.125000    0.000203    0.006720    0.166667    0.001830   -0.002924    0.208333   -0.003082    0.001323    0.250000    0.002060    0.000326
3.33 3.43    0.923649    0.041667    0.009520   -0.004264    0.083333    0.001968    0.000532    0.125000    0.000208    0.006705    0.166667    0.001894   -0.002864    0.208333   -0.003119    0.001317    0.250000    0.001956    0.000493
3.34 3.44    0.922982    0.041667    0.009534   -0.004390    0.083333    0.002033    0.000390    0.125000    0.000205    0.006689    0.166667    0.001942   -0.002907    0.208333   -0.003214    0.001443    0.250000    0.001813    0.000729
3.35 3.45    0.922310    0.041667    0.009666   -0.004544    0.083333    0.002061    0.000364    0.125000    0.000269    0.006667    0.166667    0.002110   -0.003008    0.208333   -0.003275    0.001461    0.250000    0.001729    0.000841
3.36 3.46    0.921633    0.041667    0.009785   -0.004679    0.083333    0.002155    0.000394    0.125000    0.000266    0.006632    0.166667    0.002233   -0.003237    0.208333   -0.003273    0.001465    0.250000    0.001571    0.000917
3.37 3.47    0.920950    0.041667    0.009954   -0.004553    0.083333    0.002056    0.000537    0.125000    0.000345    0.006638    0.166667    0.002260   -0.003334    0.208333   -0.003392    0.001439    0.250000    0.001372    0.000941
3.38 3.48    0.920262    0.041667    0.010268   -0.004482    0.083333    0.002043    0.000551    0.125000    0.000365    0.006652    0.166667    0.002301   -0.003499    0.208333   -0.003506    0.001329    0.250000    0.001250    0.000944
3.39 3.49    0.919568    0.041667    0.010331   -0.004572    0.083333    0.002075    0.000456    0.125000    0.000366    0.006625    0.166667    0.002333   -0.003595    0.208333   -0.003567    0.001328    0.250000    0.001184    0.000961
3.40 3.50    0.918869    0.041667    0.010303   -0.004700    0.083333    0.002109    0.000497    0.125000    0.000338    0.006769    0.166667    0.002352   -0.003715    0.208333   -0.003657    0.001326    0.250000    0.001165    0.000957
3.41 3.51    0.918164    0.041667    0.010346   -0.004842    0.083333    0.002098    0.000499    0.125000    0.000314    0.006725    0.166667    0.002310   -0.003898    0.208333   -0.003559    0.001369    0.250000    0.001126    0.001077
3.42 3.52    0.917454    0.041667    0.010252   -0.004876    0.083333    0.002094    0.000523    0.125000    0.000299    0.006709    0.166667    0.002399   -0.004083    0.208333   -0.003589    0.001400    0.250000    0.001061    0.001107
3.43 3.53    0.916738    0.041667    0.010366   -0.004941    0.083333    0.002045    0.000594    0.125000    0.000188    0.006694    0.166667    0.002391   -0.004335    0.208333   -0.003689    0.001401    0.250000    0.001086    0.001075
3.44 3.54    0.916017    0.041667    0.010402   -0.005017    0.083333    0.002063    0.000643    0.125000    0.000135    0.006587    0.166667    0.002347   -0.004589    0.208333   -0.003697    0.001354    0.250000    0.001106    0.001081
3.45 3.55    0.915289    0.041667    0.010520   -0.004935    0.083333    0.001960    0.000676    0.125000    0.000001    0.006614    0.166667    0.002221   -0.004673    0.208333   -0.003850    0.001376    0.250000    0.001060    0.001087
3.46 3.56    0.914556    0.041667    0.010668   -0.004777    0.083333    0.001748    0.000748    0.125000   -0.000062    0.006501    0.166667    0.002173   -0.004740    0.208333   -0.004011    0.001424    0.250000    0.000983    0.001058
3.47 3.57    0.913818    0.041667    0.010877   -0.004861    0.083333    0.001704    0.000828    0.125000   -0.000280    0.006459    0.166667    0.002193   -0.004866    0.208333   -0.004049    0.001414    0.250000    0.000931    0.001121
3.48 3.58    0.913073    0.041667    0.010931   -0.004907    0.083333    0.001661    0.000804    0.125000   -0.000416    0.006286    0.166667    0.002200   -0.005015    0.208333   -0.004048    0.001468    0.250000    0.000949    0.001221
3.49 3.59    0.912323    0.041667    0.011038   -0.005053    0.083333    0.001668    0.000873    0.125000   -0.000664    0.006352    0.166667    0.002172   -0.005227    0.208333   -0.004108    0.001407    0.250000    0.000990    0.001373
3.50 3.60    0.911567    0.041667    0.011209   -0.005143    0.083333    0.001674    0.000830    0.125000   -0.000848    0.006307    0.166667    0.002153   -0.005437    0.208333   -0.004048    0.001417    0.250000    0.000941    0.001497
3.51 3.61    0.910805    0.041667    0.011292   -0.005286    0.083333    0.001756    0.000910    0.125000   -0.000958    0.006474    0.166667    0.002169   -0.005592    0.208333   -0.004245    0.001456    0.250000    0.000907    0.001451
3.52 3.62    0.910037    0.041667    0.011490   -0.005338    0.083333    0.001818    0.000878    0.125000   -0.001045    0.006607    0.166667    0.002107   -0.005665    0.208333   -0.004337    0.001619    0.250000    0.000846    0.001450
3.53 3.63    0.909263    0.041667    0.011508   -0.005436    0.083333    0.001893    0.000917    0.125000   -0.001117    0.006743    0.166667    0.002112   -0.005728    0.208333   -0.004399    0.001692    0.250000    0.000675    0.001501
3.54 3.64    0.908484    0.041667    0.011856   -0.005190    0.083333    0.001808    0.001040    0.125000   -0.001245    0.006802    0.166667    0.002130   -0.005694    0.208333   -0.004450    0.001795    0.250000    0.000505    0.001491
3.55 3.65    0.907698    0.041667    0.012057   -0.005115    0.083333    0.001976    0.001190    0.125000   -0.001429    0.006780    0.166667    0.002121   -0.005793    0.208333   -0.004491    0.001781    0.250000    0.000355    0.001563
3.56 3.66    0.906906    0.041667    0.012195   -0.005249    0.083333    0.002212    0.001282    0.125000   -0.001523    0.007004    0.166667    0.001949   -0.005767    0.208333   -0.004516    0.001769    0.250000    0.000226    0.001670
3.57 3.67    0.906108    0.041667    0.012395   -0.005337    0.083333    0.002496    0.001271    0.125000   -0.001561    0.007113    0.166667    0.001878   -0.005748    0.208333   -0.004429    0.001758    0.250000    0.000094    0.001741
3.58 3.68    0.905304    0.041667    0.012470   -0.005466    0.083333    0.002765    0.001403    0.125000   -0.001631    0.007362    0.166667    0.001774   -0.005727    0.208333   -0.004388    0.001785    0.250000   -0.000057    0.001759
3.59 3.69    0.904494    0.041667    0.012571   -0.005497    0.083333    0.002993    0.001434    0.125000   -0.001545    0.007433    0.166667    0.001656   -0.005676    0.208333   -0.004182    0.001902    0.250000   -0.000320    0.001654
3.60 3.70    0.903677    0.041667    0.012623   -0.005581    0.083333    0.003107    0.001472    0.125000   -0.001559    0.007493    0.166667    0.001509   -0.005625    0.208333   -0.004152    0.002035    0.250000   -0.000521    0.001609
3.61 3.71    0.902854    0.041667    0.012636   -0.005593    0.083333    0.003170    0.001317    0.125000   -0.001649    0.007515    0.166667    0.001345   -0.005632    0.208333   -0.004002    0.002095    0.250000   -0.000617    0.001575
3.62 3.72    0.902025    0.041667    0.012792   -0.005627    0.083333    0.003143    0.001273    0.125000   -0.001858    0.007474    0.166667    0.001148   -0.005582    0.208333   -0.003878    0.002087    0.250000   -0.000699    0.001499
3.63 3.73    0.901190    0.041667    0.013060   -0.005535    0.083333    0.003167    0.001187    0.125000   -0.001951    0.007425    0.166667    0.001004   -0.005532    0.208333   -0.003849    0.002161    0.250000   -0.000731    0.001525
3.64 3.74    0.900349    0.041667    0.013161   -0.005738    0.083333    0.003247    0.001084    0.125000   -0.002045    0.007546    0.166667    0.000798   -0.005530    0.208333   -0.003837    0.002122    0.250000   -0.000702    0.001520
3.65 3.75    0.899501    0.041667    0.013249   -0.005884    0.083333    0.003321    0.000941    0.125000   -0.002025    0.007591    0.166667    0.000583   -0.005527    0.208333   -0.003820    0.002116    0.250000   -0.000655    0.001386
3.66 3.76    0.898646    0.041667    0.013359   -0.005986    0.083333    0.003371    0.000708    0.125000   -0.002068    0.007594    0.166667    0.000456   -0.005595    0.208333   -0.003828    0.002046    0.250000   -0.000647    0.001275
3.67 3.77    0.897785    0.041667    0.013365   -0.006029    0.083333    0.003382    0.000461    0.125000   -0.002087    0.007699    0.166667    0.000223   -0.005612    0.208333   -0.003917    0.002023    0.250000   -0.000561    0.001225
3.68 3.78    0.896918    0.041667    0.013532   -0.006152    0.083333    0.003361    0.000224    0.125000   -0.002221    0.007636    0.166667    0.000126   -0.005701    0.208333   -0.003894    0.001946    0.250000   -0.000635    0.001171
3.69 3.79    0.896044    0.041667    0.013745   -0.006283    0.083333    0.003261   -0.000033    0.125000   -0.002423    0.007521    0.166667    0.000080   -0.005759    0.208333   -0.004006    0.001813    0.250000   -0.000681    0.001210
3.70 3.80    0.895164    0.041667    0.013887   -0.006413    0.083333    0.003283   -0.000215    0.125000   -0.002605    0.007539    0.166667    0.000037   -0.005800    0.208333   -0.003975    0.001649    0.250000   -0.000727    0.001280
3.71 3.81    0.894277    0.041667    0.014238   -0.006347    0.083333    0.003202   -0.000173    0.125000   -0.002823    0.007477    0.166667   -0.000016   -0.005830    0.208333   -0.004024    0.001478    0.250000   -0.000789    0.001393
3.72 3.82    0.893384    0.041667    0.014547   -0.006248    0.083333    0.003225   -0.000055    0.125000   -0.002965    0.007472    0.166667    0.000083   -0.005959    0.208333   -0.003945    0.001274    0.250000   -0.000896    0.001595
3.73 3.83    0.892484    0.041667    0.014738   -0.006297    0.083333    0.003288   -0.000047    0.125000   -0.003041    0.007504    0.166667    0.000068   -0.006013    0.208333   -0.003839    0.001116    0.250000   -0.000998    0.001641
3.74 3.84    0.891577    0.041667    0.014912   -0.006315    0.083333    0.003309   -0.000160    0.125000   -0.003113    0.007524    0.166667    0.000179   -0.006142    0.208333   -0.003748    0.001019    0.250000   -0.001109    0.001692
3.75 3.85    0.890663    0.041667    0.015100   -0.006363    0.083333    0.003242   -0.000299    0.125000   -0.003319    0.007536    0.166667    0.000220   -0.006266    0.208333   -0.003601    0.000979    0.250000   -0.001341    0.001824
3.76 3.86    0.889743    0.041667    0.015343   -0.006510    0.083333    0.003211   -0.000357    0.125000   -0.003493    0.007511    0.166667    0.000363   -0.006331    0.208333   -0.003397    0.000953    0.250000   -0.001496    0.001915
3.77 3.87    0.888816    0.041667    0.015526   -0.006708    0.083333    0.003197   -0.000363    0.125000   -0.003671    0.007417    0.166667    0.000499   -0.006352    0.208333   -0.003280    0.000932    0.250000   -0.001680    0.001920
3.78 3.88    0.887882    0.041667    0.015705   -0.006737    0.083333    0.003322   -0.000408    0.125000   -0.003871    0.007475    0.166667    0.000532   -0.006303    0.208333   -0.003240    0.000886    0.250000   -0.001774    0.001982
3.79 3.89    0.886941    0.041667    0.015706   -0.006756    0.083333    0.003456   -0.000379    0.125000   -0.004052    0.007667    0.166667    0.000511   -0.006275    0.208333   -0.003225    0.000828    0.250000   -0.001822    0.002099
3.80 3.90    0.885994    0.041667    0.015891   -0.006590    0.083333    0.003403   -0.000355    0.125000   -0.004186    0.007777    0.166667    0.000522   -0.006313    0.208333   -0.003291    0.000774    0.250000   -0.001890    0.002077
3.81 3.91    0.885039    0.041667    0.016180   -0.006429    0.083333    0.003446   -0.000453    0.125000   -0.004248    0.007784    0.166667    0.000580   -0.006273    0.208333   -0.003201    0.000845    0.250000   -0.002015    0.002070
3.82 3.92    0.884078    0.041667    0.016416   -0.006359    0.083333    0.003412   -0.000522    0.125000   -0.004457    0.007872    0.166667    0.000492   -0.006178    0.208333   -0.003263    0.000865    0.250000   -0.002146    0.001990
3.83 3.93    0.883109    0.041667    0.016622   -0.006291    0.083333    0.003290   -0.000526    0.125000   -0.004708    0.007895    0.166667    0.000466   -0.006179    0.208333   -0.003205    0.000785    0.250000   -0.002164    0.001966
3.84 3.94    0.882134    0.041667    0.016663   -0.006198    0.083333    0.003151   -0.000453    0.125000   -0.004913    0.007934    0.166667    0.000401   -0.006082    0.208333   -0.003092    0.000694    0.250000   -0.002212    0.001899
3.85 3.95    0.881151    0.041667    0.016679   -0.006094    0.083333    0.003095   -0.000388    0.125000   -0.005085    0.008007    0.166667    0.000425   -0.006133    0.208333   -0.003048    0.000558    0.250000   -0.002205    0.001874
3.86 3.96    0.880162    0.041667    0.016656   -0.005937    0.083333    0.003026   -0.000302    0.125000   -0.005211    0.008057    0.166667    0.000371   -0.006165    0.208333   -0.003070    0.000433    0.250000   -0.002297    0.001869
3.87 3.97    0.879165    0.041667    0.016655   -0.005739    0.083333    0.002911   -0.000267    0.125000   -0.005316    0.008114    0.166667    0.000345   -0.006296    0.208333   -0.003013    0.000277    0.250000   -0.002354    0.001949
3.88 3.98    0.878161    0.041667    0.016717   -0.005598    0.083333    0.002709   -0.000199    0.125000   -0.005347    0.008032    0.166667    0.000343   -0.006310    0.208333   -0.003052    0.000133    0.250000   -0.002360    0.001969
3.89 3.99    0.877150    0.041667    0.016843   -0.005288    0.083333    0.002596   -0.000149    0.125000   -0.005234    0.007921    0.166667    0.000317   -0.006383    0.208333   -0.003020   -0.000031    0.250000   -0.002361    0.002009
3.90 4.00    0.876132    0.041667    0.017077   -0.004913    0.083333    0.002484   -0.000070    0.125000   -0.005198    0.007814    0.166667    0.000236   -0.006430    0.208333   -0.002944   -0.000168    0.250000   -0.002383    0.002154
3.91 4.01    0.875107    0.041667    0.016987   -0.004798    0.083333    0.002427    0.000043    0.125000   -0.005174    0.007732    0.166667    0.000178   -0.006497    0.208333   -0.002964   -0.000464    0.250000   -0.002517    0.002227
3.92 4.02    0.874074    0.041667    0.016808   -0.004664    0.083333    0.002492   -0.000007    0.125000   -0.005029    0.007705    0.166667    0.000221   -0.006624    0.208333   -0.002951   -0.000628    0.250000   -0.002605    0.002380
3.93 4.03    0.873034    0.041667    0.016741   -0.004421    0.083333    0.002536   -0.000024    0.125000   -0.004910    0.007682    0.166667    0.000233   -0.006657    0.208333   -0.002907   -0.000830    0.250000   -0.002753    0.002474
3.94 4.04    0.871986    0.041667    0.016820   -0.004312    0.083333    0.002688   -0.000103    0.125000   -0.004851    0.007568    0.166667    0.000285   -0.006639    0.208333   -0.002940   -0.001048    0.250000   -0.002867    0.002582
3.95 4.05    0.870932    0.041667    0.016973   -0.004137    0.083333    0.002865   -0.000132    0.125000   -0.004752    0.007455    0.166667    0.000293   -0.006518    0.208333   -0.002867   -0.001285    0.250000   -0.002928    0.002742
3.96 4.06    0.869870    0.041667    0.017100   -0.003936    0.083333    0.002984   -0.000164    0.125000   -0.004839    0.007432    0.166667    0.000235   -0.006375    0.208333   -0.002792   -0.001453    0.250000   -0.002915    0.002868
3.97 4.07    0.868800    0.041667    0.017222   -0.003739    0.083333    0.003072   -0.000170    0.125000   -0.004908    0.007305    0.166667    0.000215   -0.006366    0.208333   -0.002729   -0.001656    0.250000   -0.002996    0.002949
3.98 4.08    0.867723    0.041667    0.017201   -0.003666    0.083333    0.003164   -0.000230    0.125000   -0.004992    0.007346    0.166667    0.000235   -0.006364    0.208333   -0.002640   -0.001804    0.250000   -0.003101    0.002970
3.99 4.09    0.866639    0.041667    0.017515   -0.003445    0.083333    0.003190   -0.000183    0.125000   -0.005267    0.007360    0.166667    0.000307   -0.006297    0.208333   -0.002568   -0.001980    0.250000   -0.003231    0.002876
4.00 4.10    0.865547    0.041667    0.017710   -0.003343    0.083333    0.003300   -0.000235    0.125000   -0.005424    0.007329    0.166667    0.000490   -0.006093    0.208333   -0.002509   -0.002221    0.250000   -0.003330    0.002733
4.01 4.11    0.864447    0.041667    0.017982   -0.003149    0.083333    0.003366   -0.000300    0.125000   -0.005583    0.007380    0.166667    0.000640   -0.005963    0.208333   -0.002404   -0.002421    0.250000   -0.003375    0.002657
4.02 4.12    0.863340    0.041667    0.018201   -0.003034    0.083333    0.003413   -0.000349    0.125000   -0.005727    0.007325    0.166667    0.000748   -0.005750    0.208333   -0.002279   -0.002740    0.250000   -0.003468    0.002490
4.03 4.13    0.862225    0.041667    0.018389   -0.002963    0.083333    0.003450   -0.000404    0.125000   -0.006029    0.007211    0.166667    0.000910   -0.005660    0.208333   -0.002287   -0.003002    0.250000   -0.003616    0.002393
4.04 4.14    0.861103    0.041667    0.018564   -0.002829    0.083333    0.003416   -0.000457    0.125000   -0.006201    0.007115    0.166667    0.001036   -0.005547    0.208333   -0.002248   -0.003174    0.250000   -0.003743    0.002268
4.05 4.15    0.859973    0.041667    0.018651   -0.002721    0.083333    0.003282   -0.000482    0.125000   -0.006421    0.007004    0.166667    0.001194   -0.005384    0.208333   -0.002368   -0.003346    0.250000   -0.003880    0.002040
4.06 4.16    0.858836    0.041667    0.018767   -0.002547    0.083333    0.003169   -0.000620    0.125000   -0.006398    0.006940    0.166667    0.001271   -0.005266    0.208333   -0.002475   -0.003624    0.250000   -0.003950    0.001880
4.07 4.17    0.857690    0.041667    0.018831   -0.002515    0.083333    0.003058   -0.000756    0.125000   -0.006395    0.006926    0.166667    0.001383   -0.004989    0.208333   -0.002523   -0.003855    0.250000   -0.003988    0.001683
4.08 4.18    0.856537    0.041667    0.018968   -0.002453    0.083333    0.002945   -0.000821    0.125000   -0.006421    0.006828    0.166667    0.001444   -0.004797    0.208333   -0.002513   -0.004131    0.250000   -0.004058    0.001433
4.09 4.19    0.855376    0.041667    0.019068   -0.002408    0.083333    0.002827   -0.000985    0.125000   -0.006475    0.006699    0.166667    0.001462   -0.004679    0.208333   -0.002468   -0.004366    0.250000   -0.004121    0.001276
4.10 4.20    0.854207    0.041667    0.019049   -0.002375    0.083333    0.002723   -0.001064    0.125000   -0.006470    0.006595    0.166667    0.001457   -0.004614    0.208333   -0.002450   -0.004603    0.250000   -0.004167    0.001259
4.11 4.21    0.853031    0.041667    0.018993   -0.002280    0.083333    0.002613   -0.001007    0.125000   -0.006403    0.006421    0.166667    0.001511   -0.004613    0.208333   -0.002433   -0.004760    0.250000   -0.004235    0.001255
4.12 4.22    0.851847    0.041667    0.019082   -0.002184    0.083333    0.002513   -0.000862    0.125000   -0.006406    0.006223    0.166667    0.001506   -0.004742    0.208333   -0.002529   -0.004958    0.250000   -0.004200    0.001295
4.13 4.23    0.850654    0.041667    0.019049   -0.002066    0.083333    0.002417   -0.000815    0.125000   -0.006241    0.006051    0.166667    0.001426   -0.004703    0.208333   -0.002612   -0.005196    0.250000   -0.004127    0.001300
4.14 4.24    0.849454    0.041667    0.019131   -0.002007    0.083333    0.002446   -0.000670    0.125000   -0.006107    0.006014    0.166667    0.001386   -0.004728    0.208333   -0.002737   -0.005420    0.250000   -0.004142    0.001182
4.15 4.25    0.848246    0.041667    0.019130   -0.001924    0.083333    0.002455   -0.000551    0.125000   -0.006017    0.005974    0.166667    0.001232   -0.004810    0.208333   -0.002799   -0.005615    0.250000   -0.004197    0.001209
4.16 4.26    0.847030    0.041667    0.019132   -0.001888    0.083333    0.002376   -0.000300    0.125000   -0.006051    0.005901    0.166667    0.001171   -0.004885    0.208333   -0.002869   -0.005745    0.250000   -0.004266    0.001191
4.17 4.27    0.845806    0.041667    0.019188   -0.001696    0.083333    0.002390   -0.000028    0.125000   -0.006192    0.005841    0.166667    0.000990   -0.004958    0.208333   -0.003008   -0.005841    0.250000   -0.004265    0.001170
4.18 4.28    0.844574    0.041667    0.019208   -0.001448    0.083333    0.002482    0.000167    0.125000   -0.006098    0.005793    0.166667    0.000799   -0.005078    0.208333   -0.003239   -0.005864    0.250000   -0.004336    0.001299
4.19 4.29    0.843334    0.041667    0.019272   -0.001076    0.083333    0.002500    0.000399    0.125000   -0.005915    0.005774    0.166667    0.000669   -0.005048    0.208333   -0.003453   -0.005820    0.250000   -0.004380    0.001450
4.20 4.30    0.842086    0.041667    0.019373   -0.000801    0.083333    0.002565    0.000547    0.125000   -0.005697    0.005850    0.166667    0.000462   -0.005076    0.208333   -0.003757   -0.005698    0.250000   -0.004482    0.001501
4.21 4.31    0.840830    0.041667    0.019556   -0.000552    0.083333    0.002571    0.000646    0.125000   -0.005567    0.005921    0.166667    0.000199   -0.004921    0.208333   -0.003894   -0.005770    0.250000   -0.004459    0.001436
4.22 4.32    0.839566    0.041667    0.019607   -0.000212    0.083333    0.002555    0.000651    0.125000   -0.005273    0.006125    0.166667   -0.000081   -0.004726    0.208333   -0.003934   -0.005742    0.250000   -0.004505    0.001423
4.23 4.33    0.838294    0.041667    0.019737    0.000122    0.083333    0.002563    0.000790    0.125000   -0.004985    0.006260    0.166667   -0.000330   -0.004620    0.208333   -0.003836   -0.005706    0.250000   -0.004513    0.001428
4.24 4.34    0.837013    0.041667    0.019695    0.000638    0.083333    0.002533    0.000722    0.125000   -0.004657    0.006366    0.166667   -0.000670   -0.004486    0.208333   -0.003778   -0.005773    0.250000   -0.004364    0.001679
4.25 4.35    0.835725    0.041667    0.019806    0.001099    0.083333    0.002502    0.000640    0.125000   -0.004218    0.006435    0.166667   -0.000926   -0.004273    0.208333   -0.003671   -0.005763    0.250000   -0.004187    0.001885
4.26 4.36    0.834428    0.041667    0.020018    0.001466    0.083333    0.002541    0.000521    0.125000   -0.003927    0.006483    0.166667   -0.001095   -0.004186    0.208333   -0.003421   -0.005634    0.250000   -0.004193    0.001976
4.27 4.37    0.833123    0.041667    0.020205    0.001811    0.083333    0.002510    0.000460    0.125000   -0.003449    0.006584    0.166667   -0.001299   -0.004060    0.208333   -0.003170   -0.005609    0.250000   -0.004199    0.002055
4.28 4.38    0.831810    0.041667    0.020302    0.002157    0.083333    0.002407    0.000339    0.125000   -0.003130    0.006764    0.166667   -0.001402   -0.003797    0.208333   -0.002808   -0.005657    0.250000   -0.004055    0.002115
4.29 4.39    0.830489    0.041667    0.020277    0.002266    0.083333    0.002365    0.000299    0.125000   -0.002780    0.006889    0.166667   -0.001602   -0.003638    0.208333   -0.002408   -0.005774    0.250000   -0.003873    0.002137
4.30 4.40    0.829159    0.041667    0.020324    0.002502    0.083333    0.002194    0.000280    0.125000   -0.002562    0.006921    0.166667   -0.001736   -0.003455    0.208333   -0.001997   -0.005928    0.250000   -0.003722    0.002221
4.31 4.41    0.827821    0.041667    0.020262    0.002684    0.083333    0.002195    0.000105    0.125000   -0.002306    0.006990    0.166667   -0.001897   -0.003348    0.208333   -0.001736   -0.005989    0.250000   -0.003624    0.002269
4.32 4.42    0.826475    0.041667    0.020155    0.002920    0.083333    0.002133    0.000041    0.125000   -0.002040    0.006963    0.166667   -0.002044   -0.003259    0.208333   -0.001530   -0.006117    0.250000   -0.003591    0.002184
4.33 4.43    0.825120    0.041667    0.020207    0.002988    0.083333    0.001989    0.000128    0.125000   -0.001986    0.006901    0.166667   -0.001897   -0.003261    0.208333   -0.001388   -0.005992    0.250000   -0.003734    0.001929
4.34 4.44    0.823758    0.041667    0.020270    0.002830    0.083333    0.001772    0.000461    0.125000   -0.002198    0.006706    0.166667   -0.001746   -0.003442    0.208333   -0.001198   -0.005850    0.250000   -0.004068    0.001629
4.35 4.45    0.822387    0.041667    0.020103    0.002687    0.083333    0.001622    0.000767    0.125000   -0.002385    0.006492    0.166667   -0.001462   -0.003621    0.208333   -0.001004   -0.005700    0.250000   -0.004377    0.001300
4.36 4.46    0.821007    0.041667    0.019779    0.002711    0.083333    0.001450    0.001016    0.125000   -0.002339    0.006267    0.166667   -0.001238   -0.003668    0.208333   -0.001059   -0.005626    0.250000   -0.004465    0.001104
4.37 4.47    0.819619    0.041667    0.019525    0.002730    0.083333    0.001320    0.001270    0.125000   -0.002450    0.006072    0.166667   -0.000927   -0.003859    0.208333   -0.001050   -0.005546    0.250000   -0.004615    0.001016
4.38 4.48    0.818223    0.041667    0.019378    0.002740    0.083333    0.001137    0.001535    0.125000   -0.002593    0.005746    0.166667   -0.000694   -0.004079    0.208333   -0.001161   -0.005473    0.250000   -0.004907    0.000916
4.39 4.49    0.816818    0.041667    0.019137    0.002717    0.083333    0.001009    0.001620    0.125000   -0.002815    0.005513    0.166667   -0.000389   -0.004258    0.208333   -0.001346   -0.005312    0.250000   -0.005224    0.000856
4.40 4.50    0.815405    0.041667    0.019088    0.002868    0.083333    0.000912    0.001812    0.125000   -0.002884    0.005296    0.166667   -0.000115   -0.004370    0.208333   -0.001486   -0.005166    0.250000   -0.005444    0.000660
4.41 4.51    0.813984    0.041667    0.019065    0.002996    0.083333    0.000839    0.001956    0.125000   -0.003126    0.005211    0.166667    0.000135   -0.004379    0.208333   -0.001612   -0.005032    0.250000   -0.005722    0.000566
4.42 4.52    0.812554    0.041667    0.019188    0.003019    0.083333    0.000779    0.002003    0.125000   -0.003352    0.005147    0.166667    0.000410   -0.004384    0.208333   -0.001649   -0.004930    0.250000   -0.005901    0.000531
4.43 4.53    0.811116    0.041667    0.019144    0.003163    0.083333    0.000806    0.001767    0.125000   -0.003312    0.005212    0.166667    0.000411   -0.004333    0.208333   -0.001730   -0.004956    0.250000   -0.005937    0.000638
4.44 4.54    0.809669    0.041667    0.019101    0.003378    0.083333    0.000811    0.001399    0.125000   -0.003101    0.005357    0.166667    0.000446   -0.004107    0.208333   -0.001842   -0.004957    0.250000   -0.005849    0.000635
4.45 4.55    0.808214    0.041667    0.019179    0.003622    0.083333    0.000914    0.001009    0.125000   -0.002807    0.005608    0.166667    0.000505   -0.003966    0.208333   -0.001994   -0.004879    0.250000   -0.005889    0.000578
4.46 4.56    0.806750    0.041667    0.019118    0.003867    0.083333    0.000866    0.000586    0.125000   -0.002637    0.005762    0.166667    0.000497   -0.003851    0.208333   -0.001982   -0.004873    0.250000   -0.006002    0.000519
4.47 4.57    0.805278    0.041667    0.019084    0.004128    0.083333    0.000843    0.000135    0.125000   -0.002323    0.005783    0.166667    0.000520   -0.003591    0.208333   -0.001944   -0.004783    0.250000   -0.006126    0.000336
4.48 4.58    0.803797    0.041667    0.019019    0.004460    0.083333    0.000870   -0.000333    0.125000   -0.001985    0.005850    0.166667    0.000515   -0.003368    0.208333   -0.001880   -0.004738    0.250000   -0.006214    0.000152
4.49 4.59    0.802308    0.041667    0.018845    0.004687    0.083333    0.000741   -0.000822    0.125000   -0.001636    0.005954    0.166667    0.000516   -0.003211    0.208333   -0.001834   -0.004767    0.250000   -0.006318   -0.000032
4.50 4.60    0.800811    0.041667    0.018517    0.004715    0.083333    0.000701   -0.001383    0.125000   -0.001460    0.006091    0.166667    0.000598   -0.003027    0.208333   -0.001772   -0.004796    0.250000   -0.006476   -0.000115
4.51 4.61    0.799304    0.041667    0.018484    0.004970    0.083333    0.000462   -0.001646    0.125000   -0.001169    0.006287    0.166667    0.000703   -0.002949    0.208333   -0.001684   -0.004855    0.250000   -0.006333   -0.000253
4.52 4.62    0.797790    0.041667    0.018409    0.005294    0.083333    0.000245   -0.001909    0.125000   -0.000909    0.006393    0.166667    0.000832   -0.002828    0.208333   -0.001535   -0.004857    0.250000   -0.006235   -0.000216
4.53 4.63    0.796267    0.041667    0.018250    0.005570    0.083333    0.000039   -0.002268    0.125000   -0.000651    0.006593    0.166667    0.000773   -0.002535    0.208333   -0.001266   -0.004922    0.250000   -0.006211    0.000051
4.54 4.64    0.794735    0.041667    0.018080    0.005839    0.083333   -0.000145   -0.002569    0.125000   -0.000433    0.006686    0.166667    0.000711   -0.002364    0.208333   -0.000971   -0.005018    0.250000   -0.006182    0.000372
4.55 4.65    0.793195    0.041667    0.017900    0.006136    0.083333   -0.000501   -0.002854    0.125000   -0.000263    0.006672    0.166667    0.000554   -0.002164    0.208333   -0.000627   -0.005248    0.250000   -0.006024    0.000700
4.56 4.66    0.791646    0.041667    0.017886    0.006413    0.083333   -0.000597   -0.003057    0.125000   -0.000105    0.006756    0.166667    0.000414   -0.001963    0.208333   -0.000276   -0.005446    0.250000   -0.005876    0.001016
4.57 4.67    0.790089    0.041667    0.017811    0.006813    0.083333   -0.000717   -0.003339    0.125000    0.000018    0.006828    0.166667    0.000296   -0.001814    0.208333   -0.000061   -0.005774    0.250000   -0.005761    0.001400
4.58 4.68    0.788523    0.041667    0.017774    0.007116    0.083333   -0.000982   -0.003484    0.125000    0.000236    0.006867    0.166667    0.000189   -0.001743    0.208333    0.000167   -0.005940    0.250000   -0.005555    0.001702
4.59 4.69    0.786948    0.041667    0.017778    0.007574    0.083333   -0.001103   -0.003583    0.125000    0.000490    0.006816    0.166667    0.000042   -0.001546    0.208333    0.000358   -0.006168    0.250000   -0.005367    0.001944
4.60 4.70    0.785365    0.041667    0.017617    0.007998    0.083333   -0.001241   -0.003742    0.125000    0.000664    0.006779    0.166667   -0.000081   -0.001523    0.208333    0.000659   -0.006384    0.250000   -0.005200    0.002142
4.61 4.71    0.783774    0.041667    0.017325    0.008286    0.083333   -0.001322   -0.003978    0.125000    0.000957    0.006561    0.166667   -0.000166   -0.001457    0.208333    0.000873   -0.006390    0.250000   -0.005369    0.002346
4.62 4.72    0.782174    0.041667    0.017350    0.008654    0.083333   -0.001518   -0.004052    0.125000    0.001064    0.006351    0.166667   -0.000193   -0.001427    0.208333    0.000990   -0.006530    0.250000   -0.005423    0.002435
4.63 4.73    0.780566    0.041667    0.017448    0.009090    0.083333   -0.001690   -0.003992    0.125000    0.001100    0.006069    0.166667    0.000027   -0.001368    0.208333    0.000935   -0.006558    0.250000   -0.005525    0.002255
4.64 4.74    0.778949    0.041667    0.017685    0.009490    0.083333   -0.001792   -0.003927    0.125000    0.001081    0.005932    0.166667    0.000166   -0.001328    0.208333    0.000883   -0.006522    0.250000   -0.005602    0.002126
4.65 4.75    0.777323    0.041667    0.017867    0.009975    0.083333   -0.001829   -0.003866    0.125000    0.001030    0.005801    0.166667    0.000381   -0.001301    0.208333    0.000699   -0.006492    0.250000   -0.005752    0.001989
4.66 4.76    0.775689    0.041667    0.018023    0.010310    0.083333   -0.002051   -0.003761    0.125000    0.001062    0.005579    0.166667    0.000685   -0.001347    0.208333    0.000474   -0.006485    0.250000   -0.005863    0.001824
4.67 4.77    0.774047    0.041667    0.018124    0.010521    0.083333   -0.002293   -0.003599    0.125000    0.000939    0.005444    0.166667    0.000818   -0.001369    0.208333    0.000250   -0.006451    0.250000   -0.005961    0.001617
4.68 4.78    0.772396    0.041667    0.018247    0.010806    0.083333   -0.002339   -0.003498    0.125000    0.000619    0.005391    0.166667    0.000817   -0.001415    0.208333    0.000167   -0.006466    0.250000   -0.006055    0.001420
4.69 4.79    0.770736    0.041667    0.018373    0.010979    0.083333   -0.002364   -0.003265    0.125000    0.000364    0.005289    0.166667    0.000808   -0.001562    0.208333    0.000181   -0.006378    0.250000   -0.006119    0.001274
4.70 4.80    0.769068    0.041667    0.018480    0.011157    0.083333   -0.002435   -0.002936    0.125000    0.000266    0.005093    0.166667    0.000767   -0.001511    0.208333    0.000144   -0.006291    0.250000   -0.006012    0.001131
4.71 4.81    0.767392    0.041667    0.018555    0.011224    0.083333   -0.002578   -0.002758    0.125000    0.000094    0.004956    0.166667    0.000715   -0.001501    0.208333    0.000169   -0.006223    0.250000   -0.005746    0.000986
4.72 4.82    0.765707    0.041667    0.018313    0.011153    0.083333   -0.002509   -0.002639    0.125000    0.000032    0.004915    0.166667    0.000644   -0.001504    0.208333    0.000172   -0.005981    0.250000   -0.005666    0.000858
4.73 4.83    0.764013    0.041667    0.018341    0.011434    0.083333   -0.002484   -0.002495    0.125000    0.000035    0.004678    0.166667    0.000498   -0.001581    0.208333    0.000156   -0.005864    0.250000   -0.005444    0.000888
4.74 4.84    0.762312    0.041667    0.018308    0.011872    0.083333   -0.002544   -0.002356    0.125000    0.000092    0.004414    0.166667    0.000440   -0.001611    0.208333    0.000221   -0.005761    0.250000   -0.005321    0.000793
4.75 4.85    0.760601    0.041667    0.018427    0.012115    0.083333   -0.002614   -0.002258    0.125000    0.000227    0.004124    0.166667    0.000372   -0.001550    0.208333    0.000295   -0.005584    0.250000   -0.005127    0.000766
4.76 4.86    0.758883    0.041667    0.018536    0.012391    0.083333   -0.002569   -0.002136    0.125000    0.000306    0.003945    0.166667    0.000296   -0.001335    0.208333    0.000450   -0.005324    0.250000   -0.005014    0.000885
4.77 4.87    0.757156    0.041667    0.018672    0.012681    0.083333   -0.002631   -0.002095    0.125000    0.000415    0.003639    0.166667    0.000324   -0.001123    0.208333    0.000617   -0.004937    0.250000   -0.004787    0.000983
4.78 4.88    0.755420    0.041667    0.018769    0.012867    0.083333   -0.002764   -0.002013    0.125000    0.000662    0.003355    0.166667    0.000464   -0.000771    0.208333    0.000741   -0.004662    0.250000   -0.004537    0.001239
4.79 4.89    0.753676    0.041667    0.018842    0.013046    0.083333   -0.002873   -0.001952    0.125000    0.000841    0.003128    0.166667    0.000669   -0.000335    0.208333    0.000814   -0.004482    0.250000   -0.004370    0.001378
4.80 4.90    0.751924    0.041667    0.018918    0.013250    0.083333   -0.002900   -0.001951    0.125000    0.001006    0.002967    0.166667    0.000866   -0.000028    0.208333    0.000863   -0.004264    0.250000   -0.004364    0.001476
4.81 4.91    0.750164    0.041667    0.018823    0.013619    0.083333   -0.002907   -0.001932    0.125000    0.001120    0.002819    0.166667    0.000921    0.000334    0.208333    0.000838   -0.004077    0.250000   -0.004481    0.001617
4.82 4.92    0.748395    0.041667    0.018753    0.014056    0.083333   -0.002992   -0.001941    0.125000    0.001201    0.002636    0.166667    0.000873    0.000708    0.208333    0.000804   -0.003894    0.250000   -0.004475    0.001750
4.83 4.93    0.746618    0.041667    0.018403    0.014110    0.083333   -0.003090   -0.001930    0.125000    0.001251    0.002589    0.166667    0.000846    0.000986    0.208333    0.000874   -0.003603    0.250000   -0.004470    0.001800
4.84 4.94    0.744833    0.041667    0.018178    0.014056    0.083333   -0.003235   -0.001995    0.125000    0.001330    0.002445    0.166667    0.000756    0.001277    0.208333    0.000879   -0.003192    0.250000   -0.004440    0.001961
4.85 4.95    0.743039    0.041667    0.018108    0.014424    0.083333   -0.003396   -0.001871    0.125000    0.001356    0.002375    0.166667    0.000549    0.001418    0.208333    0.000862   -0.002951    0.250000   -0.004418    0.002048
4.86 4.96    0.741237    0.041667    0.017933    0.014741    0.083333   -0.003674   -0.001823    0.125000    0.001361    0.002342    0.166667    0.000219    0.001417    0.208333    0.000702   -0.002775    0.250000   -0.004379    0.002036
4.87 4.97    0.739427    0.041667    0.017871    0.015020    0.083333   -0.003890   -0.001606    0.125000    0.001378    0.002387    0.166667   -0.000024    0.001520    0.208333    0.000538   -0.002622    0.250000   -0.004391    0.001987
4.88 4.98    0.737609    0.041667    0.017820    0.015394    0.083333   -0.004066   -0.001364    0.125000    0.001322    0.002492    0.166667   -0.000244    0.001679    0.208333    0.000300   -0.002353    0.250000   -0.004433    0.001923
4.89 4.99    0.735783    0.041667    0.017803    0.015730    0.083333   -0.004228   -0.001184    0.125000    0.001278    0.002572    0.166667   -0.000432    0.001791    0.208333    0.000083   -0.002088    0.250000   -0.004298    0.001993
4.90 5.00    0.733948    0.041667    0.017829    0.016043    0.083333   -0.004479   -0.000906    0.125000    0.001270    0.002632    0.166667   -0.000750    0.001871    0.208333   -0.000165   -0.001745    0.250000   -0.004078    0.002026
4.91 5.01    0.732105    0.041667    0.017815    0.016311    0.083333   -0.004792   -0.000596    0.125000    0.001408    0.002618    0.166667   -0.000867    0.001819    0.208333   -0.000361   -0.001415    0.250000   -0.003760    0.002040
4.92 5.02    0.730255    0.041667    0.017870    0.016498    0.083333   -0.005185   -0.000264    0.125000    0.001563    0.002644    0.166667   -0.000909    0.001838    0.208333   -0.000453   -0.001060    0.250000   -0.003454    0.001960
4.93 5.03    0.728396    0.041667    0.017985    0.016801    0.083333   -0.005543   -0.000107    0.125000    0.001752    0.002687    0.166667   -0.000944    0.001945    0.208333   -0.000593   -0.000804    0.250000   -0.003272    0.001929
4.94 5.04    0.726529    0.041667    0.017918    0.017108    0.083333   -0.005803    0.000063    0.125000    0.001996    0.002736    0.166667   -0.000879    0.002159    0.208333   -0.000765   -0.000658    0.250000   -0.003031    0.001740
4.95 5.05    0.724655    0.041667    0.017582    0.017184    0.083333   -0.005984    0.000226    0.125000    0.002255    0.002771    0.166667   -0.000756    0.002388    0.208333   -0.000898   -0.000349    0.250000   -0.002742    0.001576
4.96 5.06    0.722772    0.041667    0.017690    0.017465    0.083333   -0.006163    0.000483    0.125000    0.002431    0.002746    0.166667   -0.000534    0.002684    0.208333   -0.000958    0.000044    0.250000   -0.002461    0.001441
4.97 5.07    0.720881    0.041667    0.017986    0.017958    0.083333   -0.006339    0.000763    0.125000    0.002542    0.002684    0.166667   -0.000407    0.002685    0.208333   -0.000894    0.000350    0.250000   -0.002202    0.001368
4.98 5.08    0.718983    0.041667    0.018095    0.018369    0.083333   -0.006626    0.000884    0.125000    0.002721    0.002610    0.166667   -0.000294    0.002546    0.208333   -0.000738    0.000579    0.250000   -0.001988    0.001336
4.99 5.09    0.717077    0.041667    0.018358    0.018803    0.083333   -0.006864    0.000957    0.125000    0.002892    0.002523    0.166667   -0.000198    0.002332    0.208333   -0.000610    0.001031    0.250000   -0.001860    0.001280
5.00 5.10    0.715163    0.041667    0.018627    0.019144    0.083333   -0.006998    0.000992    0.125000    0.002978    0.002420    0.166667    0.000000    0.002230    0.208333   -0.000427    0.001369    0.250000   -0.001749    0.001218
5.01 5.11    0.713241    0.041667    0.018963    0.019473    0.083333   -0.007062    0.000973    0.125000    0.003044    0.002352    0.166667    0.000125    0.002341    0.208333   -0.000245    0.001648    0.250000   -0.001676    0.001121
5.02 5.12    0.711311    0.041667    0.019132    0.019866    0.083333   -0.007165    0.000794    0.125000    0.003147    0.002173    0.166667    0.000338    0.002393    0.208333   -0.000282    0.002045    0.250000   -0.001522    0.001113
5.03 5.13    0.709374    0.041667    0.019209    0.020228    0.083333   -0.007263    0.000799    0.125000    0.003099    0.001994    0.166667    0.000487    0.002406    0.208333   -0.000313    0.002433    0.250000   -0.001284    0.000955
5.04 5.14    0.707429    0.041667    0.019372    0.020620    0.083333   -0.007462    0.000868    0.125000    0.003035    0.001821    0.166667    0.000554    0.002311    0.208333   -0.000374    0.002840    0.250000   -0.001232    0.000935
5.05 5.15    0.705476    0.041667    0.019540    0.020896    0.083333   -0.007728    0.000796    0.125000    0.002862    0.001700    0.166667    0.000531    0.002259    0.208333   -0.000304    0.003159    0.250000   -0.001185    0.000879
5.06 5.16    0.703516    0.041667    0.019493    0.021168    0.083333   -0.007914    0.000662    0.125000    0.002847    0.001475    0.166667    0.000534    0.002156    0.208333   -0.000263    0.003486    0.250000   -0.001059    0.000799
5.07 5.17    0.701548    0.041667    0.019199    0.021257    0.083333   -0.008118    0.000559    0.125000    0.003019    0.001368    0.166667    0.000625    0.002326    0.208333   -0.000404    0.003786    0.250000   -0.000929    0.000632
5.08 5.18    0.699573    0.041667    0.019122    0.021395    0.083333   -0.008241    0.000661    0.125000    0.003188    0.001122    0.166667    0.000715    0.002565    0.208333   -0.000497    0.004161    0.250000   -0.000753    0.000408
5.09 5.19    0.697591    0.041667    0.019149    0.021639    0.083333   -0.008590    0.000790    0.125000    0.003370    0.000809    0.166667    0.000763    0.002729    0.208333   -0.000552    0.004219    0.250000   -0.000554    0.000108
5.10 5.20    0.695601    0.041667    0.019146    0.021958    0.083333   -0.009019    0.000885    0.125000    0.003588    0.000479    0.166667    0.000932    0.002872    0.208333   -0.000663    0.004309    0.250000   -0.000445    0.000017
5.11 5.21    0.693603    0.041667    0.019189    0.022194    0.083333   -0.009338    0.001040    0.125000    0.003701    0.000096    0.166667    0.001064    0.002921    0.208333   -0.000809    0.004498    0.250000   -0.000275   -0.000076
5.12 5.22    0.691599    0.041667    0.019345    0.022476    0.083333   -0.009613    0.001347    0.125000    0.003906   -0.000235    0.166667    0.001086    0.002986    0.208333   -0.000840    0.004658    0.250000   -0.000068   -0.000228
5.13 5.23    0.689587    0.041667    0.019479    0.022699    0.083333   -0.009905    0.001667    0.125000    0.004209   -0.000565    0.166667    0.001104    0.003083    0.208333   -0.000882    0.004833    0.250000    0.000096   -0.000280
5.14 5.24    0.687568    0.041667    0.019569    0.022983    0.083333   -0.010145    0.001861    0.125000    0.004493   -0.000795    0.166667    0.001095    0.003202    0.208333   -0.000813    0.004959    0.250000    0.000379   -0.000458
5.15 5.25    0.685542    0.041667    0.019620    0.023225    0.083333   -0.010387    0.002138    0.125000    0.004825   -0.001075    0.166667    0.001141    0.003288    0.208333   -0.000830    0.005070    0.250000    0.000589   -0.000568
5.16 5.26    0.683508    0.041667    0.019607    0.023408    0.083333   -0.010564    0.002362    0.125000    0.005078   -0.001184    0.166667    0.001178    0.003466    0.208333   -0.000857    0.005156    0.250000    0.000675   -0.000534
5.17 5.27    0.681468    0.041667    0.019602    0.023685    0.083333   -0.010693    0.002447    0.125000    0.005248   -0.001490    0.166667    0.001146    0.003641    0.208333   -0.000810    0.005275    0.250000    0.000751   -0.000515
5.18 5.28    0.679421    0.041667    0.019604    0.024043    0.083333   -0.010775    0.002439    0.125000    0.005344   -0.001856    0.166667    0.001082    0.003822    0.208333   -0.000813    0.005401    0.250000    0.000791   -0.000443
5.19 5.29    0.677367    0.041667    0.019397    0.024273    0.083333   -0.010791    0.002456    0.125000    0.005403   -0.002147    0.166667    0.001149    0.004076    0.208333   -0.000865    0.005647    0.250000    0.000789   -0.000434
5.20 5.30    0.675306    0.041667    0.019252    0.024458    0.083333   -0.010779    0.002347    0.125000    0.005359   -0.002400    0.166667    0.001049    0.004277    0.208333   -0.000861    0.005811    0.250000    0.000804   -0.000609
5.21 5.31    0.673238    0.041667    0.019423    0.024895    0.083333   -0.010891    0.002278    0.125000    0.005316   -0.002553    0.166667    0.000885    0.004294    0.208333   -0.000671    0.005866    0.250000    0.000679   -0.000706
5.22 5.32    0.671163    0.041667    0.019569    0.025271    0.083333   -0.010955    0.002236    0.125000    0.005129   -0.002774    0.166667    0.000729    0.004345    0.208333   -0.000581    0.005642    0.250000    0.000469   -0.000707
5.23 5.33    0.669082    0.041667    0.019828    0.025584    0.083333   -0.011109    0.002139    0.125000    0.004929   -0.003087    0.166667    0.000638    0.004277    0.208333   -0.000361    0.005595    0.250000    0.000310   -0.000738
5.24 5.34    0.666994    0.041667    0.020080    0.025861    0.083333   -0.011365    0.002170    0.125000    0.004740   -0.003485    0.166667    0.000510    0.004101    0.208333   -0.000200    0.005634    0.250000    0.000173   -0.000662
5.25 5.35    0.664899    0.041667    0.020448    0.026251    0.083333   -0.011602    0.002194    0.125000    0.004536   -0.003832    0.166667    0.000398    0.003924    0.208333   -0.000112    0.005837    0.250000    0.000039   -0.000586
5.26 5.36    0.662798    0.041667    0.020834    0.026680    0.083333   -0.011798    0.002282    0.125000    0.004264   -0.004233    0.166667    0.000264    0.003647    0.208333    0.000009    0.006017    0.250000    0.000017   -0.000703
5.27 5.37    0.660690    0.041667    0.021230    0.026966    0.083333   -0.012029    0.002302    0.125000    0.003985   -0.004460    0.166667    0.000137    0.003189    0.208333    0.000262    0.006294    0.250000   -0.000008   -0.000727
5.28 5.38    0.658576    0.041667    0.021502    0.027076    0.083333   -0.012353    0.002356    0.125000    0.003801   -0.004579    0.166667    0.000028    0.002784    0.208333    0.000369    0.006456    0.250000   -0.000027   -0.000999
5.29 5.39    0.656456    0.041667    0.021708    0.027221    0.083333   -0.012587    0.002428    0.125000    0.003810   -0.004642    0.166667   -0.000244    0.002397    0.208333    0.000360    0.006617    0.250000    0.000076   -0.001322
5.30 5.40    0.654330    0.041667    0.021843    0.027350    0.083333   -0.012864    0.002663    0.125000    0.004027   -0.004652    0.166667   -0.000494    0.002010    0.208333    0.000360    0.006762    0.250000    0.000118   -0.001515
5.31 5.41    0.652197    0.041667    0.021613    0.027271    0.083333   -0.013159    0.002701    0.125000    0.004278   -0.004679    0.166667   -0.000646    0.001877    0.208333    0.000185    0.006841    0.250000    0.000287   -0.001734
5.32 5.42    0.650058    0.041667    0.021241    0.027308    0.083333   -0.013438    0.002642    0.125000    0.004565   -0.004654    0.166667   -0.000910    0.001727    0.208333   -0.000008    0.007095    0.250000    0.000415   -0.002006
5.33 5.43    0.647913    0.041667    0.020997    0.027461    0.083333   -0.013734    0.002619    0.125000    0.004770   -0.004568    0.166667   -0.001236    0.001684    0.208333   -0.000211    0.007230    0.250000    0.000569   -0.002280
5.34 5.44    0.645762    0.041667    0.021124    0.027678    0.083333   -0.013959    0.002655    0.125000    0.004920   -0.004581    0.166667   -0.001452    0.001684    0.208333   -0.000381    0.007282    0.250000    0.000689   -0.002596
5.35 5.45    0.643605    0.041667    0.021082    0.027695    0.083333   -0.014252    0.002683    0.125000    0.005137   -0.004690    0.166667   -0.001534    0.001679    0.208333   -0.000431    0.007282    0.250000    0.000803   -0.002907
5.36 5.46    0.641443    0.041667    0.021024    0.027614    0.083333   -0.014553    0.002745    0.125000    0.005516   -0.004744    0.166667   -0.001593    0.001759    0.208333   -0.000478    0.007280    0.250000    0.000801   -0.003177
5.37 5.47    0.639274    0.041667    0.020805    0.027766    0.083333   -0.014758    0.002790    0.125000    0.005858   -0.004796    0.166667   -0.001694    0.001837    0.208333   -0.000498    0.007217    0.250000    0.000911   -0.003384
5.38 5.48    0.637100    0.041667    0.020559    0.028087    0.083333   -0.014957    0.002721    0.125000    0.006156   -0.004961    0.166667   -0.001864    0.001932    0.208333   -0.000498    0.007199    0.250000    0.001176   -0.003415
5.39 5.49    0.634921    0.041667    0.020399    0.028474    0.083333   -0.015176    0.002675    0.125000    0.006213   -0.005160    0.166667   -0.002009    0.002036    0.208333   -0.000431    0.007206    0.250000    0.001325   -0.003314
5.40 5.50    0.632735    0.041667    0.020308    0.028948    0.083333   -0.015365    0.002438    0.125000    0.006261   -0.005433    0.166667   -0.002099    0.001992    0.208333   -0.000291    0.007378    0.250000    0.001570   -0.003281
5.41 5.51    0.630545    0.041667    0.020325    0.029410    0.083333   -0.015506    0.002325    0.125000    0.006359   -0.005739    0.166667   -0.002203    0.001882    0.208333   -0.000048    0.007611    0.250000    0.001703   -0.003222
5.42 5.52    0.628349    0.041667    0.020476    0.029816    0.083333   -0.015746    0.002318    0.125000    0.006389   -0.006038    0.166667   -0.002073    0.001835    0.208333    0.000232    0.007729    0.250000    0.001785   -0.003224
5.43 5.53    0.626147    0.041667    0.020556    0.030196    0.083333   -0.015874    0.002342    0.125000    0.006421   -0.006290    0.166667   -0.001824    0.001731    0.208333    0.000451    0.007793    0.250000    0.001895   -0.003192
5.44 5.54    0.623940    0.041667    0.020478    0.030410    0.083333   -0.015981    0.002330    0.125000    0.006543   -0.006454    0.166667   -0.001492    0.001550    0.208333    0.000492    0.007868    0.250000    0.002035   -0.003226
5.45 5.55    0.621729    0.041667    0.020391    0.030707    0.083333   -0.016058    0.002405    0.125000    0.006689   -0.006444    0.166667   -0.001294    0.001514    0.208333    0.000615    0.007903    0.250000    0.002279   -0.003169
5.46 5.56    0.619512    0.041667    0.020317    0.031063    0.083333   -0.016386    0.002337    0.125000    0.006828   -0.006544    0.166667   -0.001034    0.001379    0.208333    0.000760    0.007920    0.250000    0.002584   -0.003248
5.47 5.57    0.617290    0.041667    0.020835    0.031545    0.083333   -0.016860    0.002387    0.125000    0.006938   -0.006754    0.166667   -0.000735    0.001489    0.208333    0.000822    0.008019    0.250000    0.002713   -0.003481
5.48 5.58    0.615063    0.041667    0.021409    0.032061    0.083333   -0.017368    0.002516    0.125000    0.007059   -0.006970    0.166667   -0.000463    0.001486    0.208333    0.000895    0.008207    0.250000    0.002649   -0.003665
5.49 5.59    0.612831    0.041667    0.021843    0.032418    0.083333   -0.017760    0.002596    0.125000    0.007242   -0.007166    0.166667   -0.000307    0.001467    0.208333    0.000811    0.008370    0.250000    0.002792   -0.003728
5.50 5.60    0.610595    0.041667    0.022213    0.032765    0.083333   -0.018019    0.002746    0.125000    0.007359   -0.007341    0.166667   -0.000140    0.001614    0.208333    0.000718    0.008446    0.250000    0.002997   -0.003813
5.51 5.61    0.608354    0.041667    0.022623    0.033145    0.083333   -0.018364    0.002796    0.125000    0.007496   -0.007485    0.166667    0.000064    0.001698    0.208333    0.000598    0.008477    0.250000    0.003097   -0.003914
5.52 5.62    0.606108    0.041667    0.023000    0.033440    0.083333   -0.018570    0.002763    0.125000    0.007676   -0.007706    0.166667    0.000140    0.001669    0.208333    0.000675    0.008580    0.250000    0.003321   -0.004014
5.53 5.63    0.603858    0.041667    0.023263    0.033804    0.083333   -0.019024    0.002816    0.125000    0.007933   -0.007972    0.166667    0.000201    0.001672    0.208333    0.000659    0.008754    0.250000    0.003386   -0.004121
5.54 5.64    0.601604    0.041667    0.023476    0.034260    0.083333   -0.019493    0.002876    0.125000    0.008030   -0.008302    0.166667    0.000100    0.001738    0.208333    0.000694    0.008921    0.250000    0.003565   -0.004146
5.55 5.65    0.599345    0.041667    0.023762    0.034883    0.083333   -0.019859    0.002736    0.125000    0.007971   -0.008655    0.166667   -0.000113    0.001860    0.208333    0.000808    0.009211    0.250000    0.003758   -0.004236
5.56 5.66    0.597082    0.041667    0.023957    0.035436    0.083333   -0.020060    0.002818    0.125000    0.007912   -0.008980    0.166667   -0.000361    0.002091    0.208333    0.000785    0.009493    0.250000    0.003745   -0.004280
5.57 5.67    0.594815    0.041667    0.023718    0.035697    0.083333   -0.020251    0.003016    0.125000    0.007926   -0.009236    0.166667   -0.000621    0.002099    0.208333    0.000754    0.009684    0.250000    0.003907   -0.004328
5.58 5.68    0.592543    0.041667    0.023602    0.035889    0.083333   -0.020455    0.003221    0.125000    0.007834   -0.009407    0.166667   -0.000748    0.002251    0.208333    0.000957    0.009753    0.250000    0.004134   -0.004403
5.59 5.69    0.590268    0.041667    0.023582    0.036135    0.083333   -0.020737    0.003520    0.125000    0.007479   -0.009620    0.166667   -0.000703    0.002369    0.208333    0.001090    0.009858    0.250000    0.003993   -0.004614
5.60 5.70    0.587989    0.041667    0.023632    0.036530    0.083333   -0.021204    0.003935    0.125000    0.007425   -0.009750    0.166667   -0.000755    0.002435    0.208333    0.001018    0.010046    0.250000    0.003895   -0.004781
5.61 5.71    0.585706    0.041667    0.023600    0.036724    0.083333   -0.021637    0.004155    0.125000    0.007336   -0.009850    0.166667   -0.000906    0.002606    0.208333    0.000798    0.010416    0.250000    0.004042   -0.004935
5.62 5.72    0.583420    0.041667    0.023421    0.037088    0.083333   -0.022051    0.004579    0.125000    0.007053   -0.009971    0.166667   -0.001376    0.002682    0.208333    0.000541    0.010715    0.250000    0.004121   -0.005059
5.63 5.73    0.581130    0.041667    0.023398    0.037264    0.083333   -0.022243    0.004960    0.125000    0.006714   -0.010083    0.166667   -0.001766    0.002795    0.208333    0.000204    0.010978    0.250000    0.004166   -0.005224
5.64 5.74    0.578836    0.041667    0.023228    0.037448    0.083333   -0.022466    0.005288    0.125000    0.006620   -0.009947    0.166667   -0.002220    0.002872    0.208333   -0.000183    0.011272    0.250000    0.004174   -0.005393
5.65 5.75    0.576539    0.041667    0.023071    0.037447    0.083333   -0.022889    0.005854    0.125000    0.006799   -0.010035    0.166667   -0.002775    0.002806    0.208333   -0.000684    0.011488    0.250000    0.004050   -0.005728
5.66 5.76    0.574239    0.041667    0.022930    0.037357    0.083333   -0.023373    0.006331    0.125000    0.006913   -0.010231    0.166667   -0.003491    0.002883    0.208333   -0.001050    0.011774    0.250000    0.004083   -0.006174
5.67 5.77    0.571935    0.041667    0.023132    0.036476    0.083333   -0.023518    0.006961    0.125000    0.007335   -0.010479    0.166667   -0.005100    0.003382    0.208333   -0.001777    0.012125    0.250000    0.004335   -0.006939
5.68 5.78    0.569628    0.041667    0.023341    0.037401    0.083333   -0.024129    0.007112    0.125000    0.007415   -0.010723    0.166667   -0.004822    0.002683    0.208333   -0.000816    0.012530    0.250000    0.003786   -0.007238
5.69 5.79    0.567319    0.041667    0.020380    0.038658    0.083333   -0.024786    0.004580    0.125000    0.007231   -0.008615    0.166667   -0.004251    0.000790    0.208333    0.000433    0.013461    0.250000    0.005244   -0.007869
5.70 5.80    0.565006    0.041667    0.019727    0.039611    0.083333   -0.024969    0.003447    0.125000    0.006575   -0.009112    0.166667   -0.003920    0.000577    0.208333    0.000840    0.013605    0.250000    0.005387   -0.007717
5.71 5.81    0.562690    0.041667    0.017573    0.041240    0.083333   -0.025109    0.001340    0.125000    0.005981   -0.008704    0.166667   -0.003563   -0.000061    0.208333    0.001237    0.014235    0.250000    0.006655   -0.007651
5.72 5.82    0.560372    0.041667    0.019971    0.042462    0.083333   -0.025263    0.001155    0.125000    0.006142   -0.008809    0.166667   -0.005001    0.000520    0.208333   -0.000297    0.012030    0.250000    0.006112   -0.006519
5.73 5.83    0.558051    0.041667    0.022768    0.042424    0.083333   -0.026561    0.000772    0.125000    0.008311   -0.008470    0.166667   -0.006297    0.000234    0.208333    0.000588    0.011887    0.250000    0.005208   -0.006648
5.74 5.84    0.555728    0.041667    0.022773    0.042853    0.083333   -0.026747    0.000259    0.125000    0.008437   -0.008413    0.166667   -0.006454    0.000037    0.208333    0.000889    0.011850    0.250000    0.005306   -0.006712
5.75 5.85    0.553402    0.041667    0.022789    0.043508    0.083333   -0.026828   -0.000593    0.125000    0.008437   -0.008192    0.166667   -0.006505   -0.000201    0.208333    0.001301    0.011770    0.250000    0.005505   -0.006662
5.76 5.86    0.551074    0.041667    0.022847    0.044667    0.083333   -0.026752   -0.001900    0.125000    0.008464   -0.007763    0.166667   -0.006439   -0.000754    0.208333    0.001868    0.011560    0.250000    0.005815   -0.006410
5.77 5.87    0.548743    0.041667    0.022556    0.048141    0.083333   -0.026462   -0.004766    0.125000    0.007970   -0.006980    0.166667   -0.004552   -0.002155    0.208333    0.003383    0.010857    0.250000    0.006109   -0.005360
5.78 5.88    0.546411    0.041667    0.021367    0.049514    0.083333   -0.025073   -0.009823    0.125000    0.008020   -0.004418    0.166667   -0.006199   -0.002678    0.208333    0.002913    0.009751    0.250000    0.007903   -0.004025
5.79 5.89    0.544076    0.041667    0.029548    0.049955    0.083333   -0.026893   -0.007660    0.125000    0.009170   -0.008962    0.166667   -0.009383    0.001107    0.208333   -0.000507    0.006722    0.250000    0.004401   -0.001864
5.80 5.90    0.541740    0.041667    0.034516    0.050396    0.083333   -0.023518   -0.007960    0.125000    0.012500   -0.005126    0.166667   -0.015394    0.001721    0.208333   -0.002731    0.003771    0.250000    0.004062   -0.000861
