2.00 2.10   14.072704    0.041667    2.171652   -1.579744    0.083333    0.542614    0.036670    0.125000    0.175103   -3.098931    0.166667    0.187382    2.147074    0.208333    0.391376   -2.483645    0.250000    0.268723   -1.613219
2.01 2.11   14.067920    0.041667    2.156200   -1.603489    0.083333    0.524735    0.018238    0.125000    0.185694   -3.122626    0.166667    0.189791    2.253408    0.208333    0.415232   -2.463398    0.250000    0.263010   -1.511982
2.02 2.12   14.063056    0.041667    2.148404   -1.600605    0.083333    0.553074    0.055280    0.125000    0.193828   -3.171585    0.166667    0.213645    2.150339    0.208333    0.437392   -2.504326    0.250000    0.275372   -1.491593
2.03 2.13   14.058110    0.041667    2.113943   -1.579469    0.083333    0.495779    0.080790    0.125000    0.189522   -3.065389    0.166667    0.207240    2.012578    0.208333    0.419636   -2.518301    0.250000    0.255937   -1.553546
2.04 2.14   14.053082    0.041667    2.104028   -1.562624    0.083333    0.485006    0.152159    0.125000    0.171316   -3.131729    0.166667    0.197984    1.912524    0.208333    0.433279   -2.495375    0.250000    0.241128   -1.477534
2.05 2.15   14.047970    0.041667    2.084679   -1.566985    0.083333    0.501848    0.219763    0.125000    0.175317   -3.214448    0.166667    0.203148    1.977898    0.208333    0.435266   -2.515368    0.250000    0.219692   -1.442165
2.06 2.16   14.042773    0.041667    2.062806   -1.549991    0.083333    0.476582    0.251930    0.125000    0.181784   -3.350678    0.166667    0.205720    1.900994    0.208333    0.453991   -2.563542    0.250000    0.239059   -1.425794
2.07 2.17   14.037490    0.041667    2.035941   -1.535150    0.083333    0.432447    0.310950    0.125000    0.173091   -3.304308    0.166667    0.225208    1.676010    0.208333    0.436163   -2.543857    0.250000    0.223886   -1.352665
2.08 2.18   14.032119    0.041667    2.019135   -1.533134    0.083333    0.422695    0.384505    0.125000    0.168629   -3.387436    0.166667    0.235114    1.781349    0.208333    0.462097   -2.517426    0.250000    0.251416   -1.374507
2.09 2.19   14.026658    0.041667    1.985759   -1.517862    0.083333    0.427257    0.422439    0.125000    0.182678   -3.536858    0.166667    0.233805    1.944497    0.208333    0.488480   -2.601629    0.250000    0.256162   -1.368544
2.10 2.20   14.021107    0.041667    1.985427   -1.469712    0.083333    0.406474    0.523868    0.125000    0.156200   -3.480899    0.166667    0.249453    1.730040    0.208333    0.452855   -2.645504    0.250000    0.225471   -1.412409
2.11 2.21   14.015465    0.041667    1.984988   -1.451347    0.083333    0.389427    0.640584    0.125000    0.146517   -3.352979    0.166667    0.258633    1.714289    0.208333    0.440570   -2.602499    0.250000    0.223465   -1.403813
2.12 2.22   14.009729    0.041667    1.951055   -1.460391    0.083333    0.375007    0.722976    0.125000    0.160922   -3.381503    0.166667    0.249086    1.909006    0.208333    0.456653   -2.580187    0.250000    0.199900   -1.352450
2.13 2.23   14.003898    0.041667    1.926060   -1.455187    0.083333    0.375176    0.700624    0.125000    0.164947   -3.458842    0.166667    0.258251    1.935174    0.208333    0.466010   -2.575177    0.250000    0.208228   -1.247544
2.14 2.24   13.997971    0.041667    1.896679   -1.434836    0.083333    0.330532    0.929222    0.125000    0.148484   -3.224375    0.166667    0.276212    1.876062    0.208333    0.432059   -2.581028    0.250000    0.189512   -1.240848
2.15 2.25   13.991946    0.041667    1.869985   -1.440807    0.083333    0.283227    1.102595    0.125000    0.152015   -3.139154    0.166667    0.281925    1.986184    0.208333    0.455714   -2.518739    0.250000    0.181940   -1.234944
2.16 2.26   13.985822    0.041667    1.815646   -1.463106    0.083333    0.293171    1.017398    0.125000    0.159642   -3.312523    0.166667    0.280706    2.083648    0.208333    0.453894   -2.511371    0.250000    0.176250   -1.244124
2.17 2.27   13.979597    0.041667    1.783730   -1.442361    0.083333    0.299738    1.042116    0.125000    0.150486   -3.232009    0.166667    0.282273    2.014656    0.208333    0.451761   -2.559754    0.250000    0.164190   -1.322447
2.18 2.28   13.973270    0.041667    1.732709   -1.472157    0.083333    0.236277    1.278018    0.125000    0.159638   -3.008915    0.166667    0.275092    2.085719    0.208333    0.433787   -2.544273    0.250000    0.143821   -1.206728
2.19 2.29   13.966839    0.041667    1.709105   -1.487619    0.083333    0.225628    1.515934    0.125000    0.165790   -2.948356    0.166667    0.286866    2.163857    0.208333    0.433219   -2.471524    0.250000    0.129982   -1.026244
2.20 2.30   13.960302    0.041667    1.671978   -1.488401    0.083333    0.240885    1.286947    0.125000    0.142439   -3.136991    0.166667    0.283252    2.147024    0.208333    0.449197   -2.497954    0.250000    0.143838   -0.957542
2.21 2.31   13.953659    0.041667    1.629354   -1.453732    0.083333    0.240136    1.415439    0.125000    0.102254   -2.954503    0.166667    0.298306    1.946284    0.208333    0.434446   -2.556453    0.250000    0.122434   -1.019880
2.22 2.32   13.946907    0.041667    1.605267   -1.426546    0.083333    0.236098    1.852345    0.125000    0.100204   -2.457347    0.166667    0.299378    1.890757    0.208333    0.439323   -2.509848    0.250000    0.119760   -0.935434
2.23 2.33   13.940045    0.041667    1.577895   -1.428959    0.083333    0.241536    1.804884    0.125000    0.086000   -2.693502    0.166667    0.300355    1.969420    0.208333    0.446436   -2.533910    0.250000    0.105581   -0.905664
2.24 2.34   13.933071    0.041667    1.541089   -1.441904    0.083333    0.221304    1.545027    0.125000    0.083276   -2.836473    0.166667    0.309051    1.916165    0.208333    0.453413   -2.579359    0.250000    0.104131   -0.968578
2.25 2.35   13.925983    0.041667    1.500689   -1.413942    0.083333    0.227567    1.822807    0.125000    0.072491   -2.602596    0.166667    0.298437    1.843907    0.208333    0.426524   -2.617684    0.250000    0.101383   -0.842039
2.26 2.36   13.918780    0.041667    1.506562   -1.360778    0.083333    0.267296    2.067493    0.125000    0.084220   -2.339428    0.166667    0.307119    1.873214    0.208333    0.429710   -2.618780    0.250000    0.093164   -0.600960
2.27 2.37   13.911460    0.041667    1.477464   -1.345135    0.083333    0.268508    2.161233    0.125000    0.050925   -2.535857    0.166667    0.301920    1.986457    0.208333    0.437481   -2.640311    0.250000    0.081955   -0.578529
2.28 2.38   13.904022    0.041667    1.477116   -1.300771    0.083333    0.272284    1.944403    0.125000    0.040072   -2.349536    0.166667    0.306804    1.837435    0.208333    0.422113   -2.697250    0.250000    0.071818   -0.734917
2.29 2.39   13.896463    0.041667    1.455931   -1.285910    0.083333    0.274217    2.085743    0.125000    0.064896   -1.681867    0.166667    0.295356    1.670481    0.208333    0.404318   -2.675612    0.250000    0.062189   -0.611350
2.30 2.40   13.888781    0.041667    1.438118   -1.267738    0.083333    0.321327    2.311594    0.125000    0.088238   -1.667305    0.166667    0.296639    1.800318    0.208333    0.385207   -2.623663    0.250000    0.047087   -0.336320
2.31 2.41   13.880976    0.041667    1.399929   -1.289237    0.083333    0.298352    2.286643    0.125000    0.075711   -1.985406    0.166667    0.262580    1.973559    0.208333    0.385853   -2.633452    0.250000    0.062136   -0.345958
2.32 2.42   13.873045    0.041667    1.352544   -1.295441    0.083333    0.257923    2.133480    0.125000    0.055086   -2.156330    0.166667    0.245327    1.930839    0.208333    0.373001   -2.675977    0.250000    0.057959   -0.326475
2.33 2.43   13.864986    0.041667    1.326495   -1.278796    0.083333    0.293660    2.336140    0.125000    0.089386   -1.707170    0.166667    0.234971    1.839554    0.208333    0.363169   -2.669716    0.250000    0.047254   -0.230974
2.34 2.44   13.856798    0.041667    1.315632   -1.261675    0.083333    0.351839    2.487321    0.125000    0.104744   -1.492456    0.166667    0.218078    1.987790    0.208333    0.347218   -2.635718    0.250000    0.047247    0.021852
2.35 2.45   13.848478    0.041667    1.279463   -1.294123    0.083333    0.291317    2.442803    0.125000    0.072546   -1.697055    0.166667    0.202938    2.204231    0.208333    0.349306   -2.687429    0.250000    0.036925   -0.277438
2.36 2.46   13.840026    0.041667    1.211840   -1.335207    0.083333    0.282350    2.563463    0.125000    0.063956   -1.967358    0.166667    0.192704    2.266652    0.208333    0.344527   -2.711579    0.250000    0.042521    0.124798
2.37 2.47   13.831438    0.041667    1.179175   -1.318903    0.083333    0.299736    2.584732    0.125000    0.090608   -1.680044    0.166667    0.164540    2.159388    0.208333    0.317887   -2.692513    0.250000    0.051672    0.188295
2.38 2.48   13.822712    0.041667    1.162204   -1.271846    0.083333    0.383030    2.696704    0.125000    0.096537   -1.367917    0.166667    0.149328    2.255900    0.208333    0.305460   -2.679111    0.250000    0.056189   -0.020994
2.39 2.49   13.813848    0.041667    1.122260   -1.264313    0.083333    0.357080    2.682001    0.125000    0.057172   -1.363813    0.166667    0.164669    2.374460    0.208333    0.298845   -2.735968    0.250000    0.050335   -0.098547
2.40 2.50   13.804843    0.041667    1.072736   -1.263704    0.083333    0.304242    2.639148    0.125000    0.029964   -1.331427    0.166667    0.125807    2.278441    0.208333    0.315329   -2.809030    0.250000    0.038440   -0.058433
2.41 2.51   13.795695    0.041667    1.064613   -1.214877    0.083333    0.327804    2.692078    0.125000    0.074669   -1.106918    0.166667    0.114770    2.102386    0.208333    0.301280   -2.804901    0.250000    0.040483    0.534921
2.42 2.52   13.786402    0.041667    1.048908   -1.176461    0.083333    0.395474    2.779007    0.125000    0.099850   -1.028585    0.166667    0.100450    2.123856    0.208333    0.269167   -2.775340    0.250000    0.055958    0.603747
2.43 2.53   13.776962    0.041667    1.033601   -1.164322    0.083333    0.382133    2.741260    0.125000    0.083766   -0.897952    0.166667    0.093711    2.394321    0.208333    0.264510   -2.830177    0.250000    0.060652    0.654691
2.44 2.54   13.767372    0.041667    1.008730   -1.145442    0.083333    0.321537    2.795721    0.125000    0.050290   -0.739719    0.166667    0.068373    2.211246    0.208333    0.272881   -2.888836    0.250000    0.049947    0.772628
2.45 2.55   13.757632    0.041667    0.991061   -1.086161    0.083333    0.366797    2.770147    0.125000    0.103741   -0.856399    0.166667    0.073428    1.850268    0.208333    0.238046   -2.880019    0.250000    0.059021    1.003890
2.46 2.56   13.747738    0.041667    1.012411   -1.032120    0.083333    0.402089    2.776048    0.125000    0.137579   -0.816084    0.166667    0.061727    1.308819    0.208333    0.211830   -2.863692    0.250000    0.069279    1.097576
2.47 2.57   13.737689    0.041667    0.999019   -1.033042    0.083333    0.423390    2.842189    0.125000    0.132928   -0.802774    0.166667    0.048114    1.623197    0.208333    0.195554   -2.893572    0.250000    0.076216    1.105041
2.48 2.58   13.727483    0.041667    0.968853   -1.046808    0.083333    0.362472    2.874636    0.125000    0.121957   -0.859618    0.166667    0.023260    1.791206    0.208333    0.197716   -2.880208    0.250000    0.086417    1.223497
2.49 2.59   13.717117    0.041667    0.947901   -1.023235    0.083333    0.339442    2.841198    0.125000    0.141840   -0.834558    0.166667    0.010194   -0.307390    0.208333    0.200993   -2.976692    0.250000    0.087577    1.179680
2.50 2.60   13.706589    0.041667    0.940036   -1.003155    0.083333    0.396436    2.900606    0.125000    0.170746   -0.921652    0.166667    0.019224   -1.498068    0.208333    0.162411   -3.005201    0.250000    0.097490    1.134545
2.51 2.61   13.695897    0.041667    0.917183   -0.980681    0.083333    0.431269    2.940700    0.125000    0.152522   -0.883913    0.166667    0.031580   -1.433279    0.208333    0.149417   -2.963569    0.250000    0.105256    1.180027
2.52 2.62   13.685039    0.041667    0.869289   -1.017412    0.083333    0.363801    3.033772    0.125000    0.122394   -0.786117    0.166667    0.051282   -1.701222    0.208333    0.161634   -3.170002    0.250000    0.102267    1.361806
2.53 2.63   13.674013    0.041667    0.823147   -1.053105    0.083333    0.395006    3.027904    0.125000    0.113454   -0.798950    0.166667    0.063617   -1.989119    0.208333    0.154216   -3.215730    0.250000    0.110148    1.201507
2.54 2.64   13.662816    0.041667    0.783162   -1.030366    0.083333    0.395668    3.007920    0.125000    0.110998   -0.895750    0.166667    0.064591   -1.743757    0.208333    0.158129   -3.288572    0.250000    0.126172    1.188648
2.55 2.65   13.651447    0.041667    0.793967   -0.972547    0.083333    0.442381    3.054518    0.125000    0.105764   -0.846557    0.166667    0.070312   -1.341293    0.208333    0.157515   -3.354287    0.250000    0.131048    1.179714
2.56 2.66   13.639902    0.041667    0.786952   -0.971125    0.083333    0.424636    3.066820    0.125000    0.116358   -0.686083    0.166667    0.075168   -1.487142    0.208333    0.166607   -3.428185    0.250000    0.116251    1.155275
2.57 2.67   13.628181    0.041667    0.763378   -0.963200    0.083333    0.400833    3.072722    0.125000    0.103999   -0.640414    0.166667    0.082245   -1.349075    0.208333    0.176418   -3.423234    0.250000    0.126834    1.300174
2.58 2.68   13.616279    0.041667    0.732133   -0.943143    0.083333    0.393362    3.098000    0.125000    0.094069   -0.599451    0.166667    0.094192   -1.185041    0.208333    0.183859   -3.508312    0.250000    0.145922    1.334828
2.59 2.69   13.604196    0.041667    0.711693   -0.921988    0.083333    0.412874    3.087890    0.125000    0.102888   -0.547462    0.166667    0.099372   -1.236736    0.208333    0.169948   -3.486731    0.250000    0.155351    1.379065
2.60 2.70   13.591928    0.041667    0.722877   -0.887498    0.083333    0.413312    3.046892    0.125000    0.094852   -0.433176    0.166667    0.122073   -1.208553    0.208333    0.169064   -3.414678    0.250000    0.159362    1.388063
2.61 2.71   13.579474    0.041667    0.709346   -0.890303    0.083333    0.426350    3.085037    0.125000    0.100158   -0.385967    0.166667    0.126441   -1.076916    0.208333    0.178751   -3.513298    0.250000    0.152855    1.405316
2.62 2.72   13.566831    0.041667    0.739656   -0.839498    0.083333    0.453467    3.033644    0.125000    0.108440   -0.485027    0.166667    0.140141   -0.996042    0.208333    0.174942   -3.462243    0.250000    0.165961    1.404408
2.63 2.73   13.553996    0.041667    0.740230   -0.800477    0.083333    0.396200    3.093532    0.125000    0.121051   -0.502210    0.166667    0.173258   -0.901175    0.208333    0.179193   -3.523839    0.250000    0.162082    1.474450
2.64 2.74   13.540968    0.041667    0.733695   -0.805064    0.083333    0.411651    3.104869    0.125000    0.135226   -0.538574    0.166667    0.181524   -1.052108    0.208333    0.164961   -3.559927    0.250000    0.156637    1.490615
2.65 2.75   13.527744    0.041667    0.709300   -0.827842    0.083333    0.402663    3.139580    0.125000    0.123456   -0.659816    0.166667    0.200203   -1.122692    0.208333    0.168618   -3.497402    0.250000    0.175541    1.486201
2.66 2.76   13.514321    0.041667    0.695041   -0.826829    0.083333    0.415507    3.160406    0.125000    0.105552   -0.774956    0.166667    0.213439   -1.112795    0.208333    0.168736   -3.497403    0.250000    0.183531    1.529333
2.67 2.77   13.500698    0.041667    0.701838   -0.819274    0.083333    0.416179    3.163814    0.125000    0.106343   -0.785057    0.166667    0.232220   -1.118343    0.208333    0.171840   -3.540340    0.250000    0.177186    1.500487
2.68 2.78   13.486871    0.041667    0.681541   -0.839573    0.083333    0.414687    3.224921    0.125000    0.101349   -0.677531    0.166667    0.251815   -1.160537    0.208333    0.162923   -3.603570    0.250000    0.169906    1.549463
2.69 2.79   13.472838    0.041667    0.636686   -0.889006    0.083333    0.438062    3.275747    0.125000    0.066284   -0.670011    0.166667    0.253352   -1.191672    0.208333    0.158567   -3.652111    0.250000    0.175832    1.467569
2.70 2.80   13.458598    0.041667    0.623176   -0.912090    0.083333    0.428972    3.296578    0.125000    0.068826   -0.612913    0.166667    0.259244   -1.194610    0.208333    0.179541   -3.746536    0.250000    0.179481    1.423545
2.71 2.81   13.444146    0.041667    0.623220   -0.888051    0.083333    0.417057    3.268685    0.125000    0.061443   -0.638133    0.166667    0.275483   -1.239034    0.208333    0.189396   -3.787405    0.250000    0.179401    1.404869
2.72 2.82   13.429482    0.041667    0.617298   -0.899269    0.083333    0.435787    3.251392    0.125000    0.073982   -0.887823    0.166667    0.276085   -1.244251    0.208333    0.184067   -3.810325    0.250000    0.168353    1.403562
2.73 2.83   13.414602    0.041667    0.610349   -0.906875    0.083333    0.452608    3.261479    0.125000    0.068697   -1.056431    0.166667    0.268512   -1.226815    0.208333    0.170525   -3.815212    0.250000    0.167645    1.475613
2.74 2.84   13.399504    0.041667    0.586012   -0.914789    0.083333    0.445606    3.291383    0.125000    0.049386   -1.169503    0.166667    0.273407   -1.228667    0.208333    0.174083   -3.842741    0.250000    0.176305    1.512254
2.75 2.85   13.384186    0.041667    0.567144   -0.901866    0.083333    0.409044    3.291596    0.125000    0.039847   -0.841272    0.166667    0.277679   -1.249461    0.208333    0.173469   -3.865077    0.250000    0.166506    1.521537
2.76 2.86   13.368644    0.041667    0.574271   -0.871251    0.083333    0.388074    3.261777    0.125000    0.043272   -0.956680    0.166667    0.302787   -1.239431    0.208333    0.161821   -3.875915    0.250000    0.159400    1.467007
2.77 2.87   13.352878    0.041667    0.570105   -0.877058    0.083333    0.416930    3.280454    0.125000    0.052383   -0.980205    0.166667    0.309430   -1.227513    0.208333    0.154387   -3.930195    0.250000    0.156866    1.429403
2.78 2.88   13.336883    0.041667    0.595914   -0.852406    0.083333    0.445843    3.209639    0.125000    0.067758   -1.305287    0.166667    0.303365   -1.173252    0.208333    0.140740   -3.770990    0.250000    0.161599    1.388422
2.79 2.89   13.320658    0.041667    0.627662   -0.825060    0.083333    0.425662    3.216845    0.125000    0.086130   -1.227264    0.166667    0.318877   -1.114711    0.208333    0.142295   -3.865426    0.250000    0.154977    1.425184
2.80 2.90   13.304199    0.041667    0.597396   -0.823697    0.083333    0.398836    3.276990    0.125000    0.078454   -1.312680    0.166667    0.323202   -1.132765    0.208333    0.133856   -3.800039    0.250000    0.150834    1.523599
2.81 2.91   13.287506    0.041667    0.565374   -0.856070    0.083333    0.370424    3.331149    0.125000    0.082139   -1.368877    0.166667    0.333729   -1.160024    0.208333    0.114275   -3.704489    0.250000    0.150680    1.525892
2.82 2.92   13.270574    0.041667    0.554528   -0.836227    0.083333    0.370230    3.324423    0.125000    0.074553   -1.341391    0.166667    0.346249   -1.159945    0.208333    0.114089   -3.711215    0.250000    0.154040    1.492503
2.83 2.93   13.253403    0.041667    0.558995   -0.831414    0.083333    0.391533    3.301375    0.125000    0.070053   -1.391351    0.166667    0.362811   -1.153116    0.208333    0.115602   -3.721654    0.250000    0.159777    1.449440
2.84 2.94   13.235988    0.041667    0.532366   -0.871936    0.083333    0.389531    3.405731    0.125000    0.065181   -1.210286    0.166667    0.369027   -1.149543    0.208333    0.106440   -3.803557    0.250000    0.159838    1.401860
2.85 2.95   13.218328    0.041667    0.531421   -0.922297    0.083333    0.418740    3.335516    0.125000    0.064134   -1.379537    0.166667    0.371180   -1.159394    0.208333    0.103448   -3.721841    0.250000    0.155654    1.302972
2.86 2.96   13.200420    0.041667    0.499151   -0.947613    0.083333    0.394084    3.394533    0.125000    0.048363   -1.367687    0.166667    0.361540   -1.147186    0.208333    0.117442   -3.837300    0.250000    0.160560    1.319691
2.87 2.97   13.182262    0.041667    0.462306   -0.955633    0.083333    0.361717    3.416606    0.125000    0.040903   -1.530464    0.166667    0.355995   -1.158985    0.208333    0.122232   -3.804555    0.250000    0.159758    1.226125
2.88 2.98   13.163851    0.041667    0.451962   -0.968927    0.083333    0.359437    3.402589    0.125000    0.045342   -1.569425    0.166667    0.362856   -1.183150    0.208333    0.118542   -3.909905    0.250000    0.157236    1.196098
2.89 2.99   13.145184    0.041667    0.459150   -0.954473    0.083333    0.373770    3.392049    0.125000    0.055501   -1.538498    0.166667    0.371869   -1.186107    0.208333    0.108668   -3.894016    0.250000    0.155784    1.193158
2.90 3.00   13.126261    0.041667    0.468912   -0.965446    0.083333    0.390218    3.350641    0.125000    0.073972   -1.537952    0.166667    0.379929   -1.179860    0.208333    0.107974   -4.000489    0.250000    0.157110    1.140327
2.91 3.01   13.107077    0.041667    0.479339   -0.963752    0.083333    0.376719    3.286729    0.125000    0.066355   -1.673993    0.166667    0.387787   -1.178159    0.208333    0.111629   -3.988617    0.250000    0.158641    1.100208
2.92 3.02   13.087630    0.041667    0.480710   -0.974860    0.083333    0.363107    3.349359    0.125000    0.057606   -1.849228    0.166667    0.382805   -1.136143    0.208333    0.106195   -4.030488    0.250000    0.153750    1.047932
2.93 3.03   13.067919    0.041667    0.463980   -0.986906    0.083333    0.329971    3.424962    0.125000    0.047900   -1.697293    0.166667    0.389885   -1.124938    0.208333    0.089001   -4.047596    0.250000    0.143142    1.042736
2.94 3.04   13.047940    0.041667    0.485843   -0.939841    0.083333    0.328085    3.297575    0.125000    0.068339   -1.724913    0.166667    0.393967   -1.113237    0.208333    0.077787   -3.920581    0.250000    0.138545    1.048586
2.95 3.05   13.027692    0.041667    0.482936   -0.932887    0.083333    0.304678    3.380609    0.125000    0.073010   -1.637040    0.166667    0.403412   -1.095444    0.208333    0.066545   -4.084368    0.250000    0.128860    1.129930
2.96 3.06   13.007171    0.041667    0.486798   -0.942845    0.083333    0.321635    3.361134    0.125000    0.079646   -1.590809    0.166667    0.410305   -1.119256    0.208333    0.059110   -4.202460    0.250000    0.127458    1.102953
2.97 3.07   12.986377    0.041667    0.497463   -0.960306    0.083333    0.318804    3.324416    0.125000    0.085480   -1.627939    0.166667    0.416795   -1.108578    0.208333    0.050361   -4.291975    0.250000    0.129114    1.253523
2.98 3.08   12.965305    0.041667    0.495627   -0.959697    0.083333    0.308270    3.353581    0.125000    0.082547   -1.642073    0.166667    0.417174   -1.087449    0.208333    0.051139   -4.357338    0.250000    0.128976    1.216561
2.99 3.09   12.943955    0.041667    0.451903   -1.002475    0.083333    0.283563    3.521771    0.125000    0.054375   -1.566700    0.166667    0.416260   -1.088326    0.208333    0.053131   -4.496382    0.250000    0.124796    1.275699
3.00 3.10   12.922323    0.041667    0.435254   -1.037153    0.083333    0.283382    3.458746    0.125000    0.050325   -1.773329    0.166667    0.407531   -1.072379    0.208333    0.037926   -4.405617    0.250000    0.118305    1.248188
3.01 3.11   12.900408    0.041667    0.416102   -1.030945    0.083333    0.280256    3.546254    0.125000    0.046843   -1.760267    0.166667    0.402892   -1.025623    0.208333    0.041074   -4.504098    0.250000    0.124151    1.245723
3.02 3.12   12.878207    0.041667    0.403329   -1.023011    0.083333    0.270170    3.561221    0.125000    0.053210   -1.870542    0.166667    0.394705   -1.057899    0.208333    0.039450   -4.680539    0.250000    0.123871    1.254696
3.03 3.13   12.855719    0.041667    0.412436   -1.041715    0.083333    0.272909    3.491563    0.125000    0.059600   -1.818823    0.166667    0.394955   -1.092549    0.208333    0.048548   -4.723704    0.250000    0.122181    1.180806
3.04 3.14   12.832940    0.041667    0.411977   -1.035356    0.083333    0.274828    3.471073    0.125000    0.063280   -1.886444    0.166667    0.404082   -1.087015    0.208333    0.053676   -4.784459    0.250000    0.113291    1.113149
3.05 3.15   12.809870    0.041667    0.411562   -1.020970    0.083333    0.268613    3.487509    0.125000    0.059439   -1.868868    0.166667    0.406639   -1.093675    0.208333    0.065677   -4.830092    0.250000    0.110176    1.074940
3.06 3.16   12.786505    0.041667    0.420651   -1.007351    0.083333    0.234209    3.431128    0.125000    0.070485   -1.998173    0.166667    0.417635   -1.056861    0.208333    0.049039   -5.042833    0.250000    0.104598    1.078819
3.07 3.17   12.762844    0.041667    0.432663   -1.016575    0.083333    0.238792    3.503042    0.125000    0.060253   -2.076160    0.166667    0.423589   -1.028708    0.208333    0.054562   -5.138325    0.250000    0.096562    0.934087
3.08 3.18   12.738885    0.041667    0.428251   -1.032895    0.083333    0.224147    3.502738    0.125000    0.060681   -2.066374    0.166667    0.420038   -1.025832    0.208333    0.055740   -5.164456    0.250000    0.087054    0.959497
3.09 3.19   12.714626    0.041667    0.466625   -1.017234    0.083333    0.229780    3.353180    0.125000    0.088066   -2.078822    0.166667    0.431790   -0.997707    0.208333    0.053189   -5.154465    0.250000    0.090214    0.833600
3.10 3.20   12.690065    0.041667    0.461208   -1.013494    0.083333    0.214898    3.511576    0.125000    0.071680   -2.109240    0.166667    0.436116   -0.991480    0.208333    0.061773   -5.197073    0.250000    0.092448    0.981188
3.11 3.21   12.665200    0.041667    0.460765   -1.060509    0.083333    0.214177    3.504706    0.125000    0.070210   -2.014589    0.166667    0.436578   -1.007553    0.208333    0.067507   -5.330485    0.250000    0.078547    0.936328
3.12 3.22   12.640029    0.041667    0.460822   -1.104725    0.083333    0.200753    3.472434    0.125000    0.065283   -1.899641    0.166667    0.456042   -1.005150    0.208333    0.061307   -5.393508    0.250000    0.076595    0.922814
3.13 3.23   12.614550    0.041667    0.455102   -1.105972    0.083333    0.194099    3.541487    0.125000    0.065797   -2.117159    0.166667    0.463051   -0.991932    0.208333    0.060018   -5.485328    0.250000    0.071240    0.952964
3.14 3.24   12.588762    0.041667    0.423204   -1.217898    0.083333    0.197389    3.636719    0.125000    0.045584   -2.075938    0.166667    0.459640   -0.983131    0.208333    0.069046   -5.721815    0.250000    0.068869    0.922988
3.15 3.25   12.562664    0.041667    0.431223   -1.233567    0.083333    0.176996    3.532901    0.125000    0.050510   -2.367645    0.166667    0.462477   -0.956353    0.208333    0.059544   -5.882421    0.250000    0.070029    0.910726
3.16 3.26   12.536253    0.041667    0.416745   -1.239090    0.083333    0.193746    3.616015    0.125000    0.038627   -2.481598    0.166667    0.441777   -0.938299    0.208333    0.062474   -5.511284    0.250000    0.062802    0.901533
3.17 3.27   12.509528    0.041667    0.399721   -1.265589    0.083333    0.169445    3.581859    0.125000    0.050996   -2.483115    0.166667    0.439700   -0.954708    0.208333    0.059753   -5.699835    0.250000    0.056311    1.031455
3.18 3.28   12.482487    0.041667    0.409395   -1.303761    0.083333    0.159663    3.575230    0.125000    0.038947   -2.457893    0.166667    0.450766   -0.950607    0.208333    0.059258   -5.697773    0.250000    0.054713    0.940456
3.19 3.29   12.455129    0.041667    0.406876   -1.333755    0.083333    0.151497    3.547545    0.125000    0.036080   -2.467034    0.166667    0.441961   -0.960268    0.208333    0.058059   -5.783130    0.250000    0.037402    0.961617
3.20 3.30   12.427453    0.041667    0.411679   -1.339162    0.083333    0.129585    3.398118    0.125000    0.047076   -2.427771    0.166667    0.438036   -0.949424    0.208333    0.069473   -5.951692    0.250000    0.033855    0.629750
3.21 3.31   12.399458    0.041667    0.428693   -1.308310    0.083333    0.126207    3.581547    0.125000    0.056206   -2.560094    0.166667    0.445309   -0.923822    0.208333    0.075657   -5.983965    0.250000    0.034296    0.731236
3.22 3.32   12.371141    0.041667    0.427371   -1.330815    0.083333    0.113976    3.629329    0.125000    0.055739   -2.495596    0.166667    0.442890   -0.917210    0.208333    0.087892   -5.943915    0.250000    0.030171    0.613007
3.23 3.33   12.342503    0.041667    0.423931   -1.361227    0.083333    0.108077    3.686268    0.125000    0.057649   -2.353031    0.166667    0.429734   -0.891198    0.208333    0.089573   -6.063552    0.250000    0.026606    0.392658
3.24 3.34   12.313541    0.041667    0.452990   -1.282161    0.083333    0.092976    3.681956    0.125000    0.077172   -2.287738    0.166667    0.434353   -0.885060    0.208333    0.085182   -6.007887    0.250000    0.025321    0.242672
3.25 3.35   12.284255    0.041667    0.445766   -1.315626    0.083333    0.106225    3.916421    0.125000    0.074632   -2.318600    0.166667    0.431114   -0.899767    0.208333    0.094648   -6.048214    0.250000    0.023775   -0.077339
3.26 3.36   12.254644    0.041667    0.448296   -1.378240    0.083333    0.104316    4.004102    0.125000    0.074109   -2.343246    0.166667    0.436152   -0.927783    0.208333    0.098826   -6.193862    0.250000    0.023275   -0.403648
3.27 3.37   12.224707    0.041667    0.446245   -1.403095    0.083333    0.111103    4.143007    0.125000    0.064492   -2.361948    0.166667    0.439360   -0.949498    0.208333    0.099516   -6.173885    0.250000    0.029851   -0.562151
3.28 3.38   12.194443    0.041667    0.420004   -1.496359    0.083333    0.131472    4.212293    0.125000    0.060590   -2.464866    0.166667    0.434036   -0.944539    0.208333    0.119447   -6.315059    0.250000    0.031702   -0.955476
3.29 3.39   12.163852    0.041667    0.426456   -1.463367    0.083333    0.105571    4.214613    0.125000    0.067167   -2.617696    0.166667    0.436868   -0.946590    0.208333    0.121727   -6.335968    0.250000    0.039773   -0.729524
3.30 3.40   12.132933    0.041667    0.421295   -1.445444    0.083333    0.127486    4.254583    0.125000    0.063332   -2.679038    0.166667    0.432853   -0.946319    0.208333    0.112262   -6.277662    0.250000    0.046259   -0.841672
3.31 3.41   12.101686    0.041667    0.412341   -1.504347    0.083333    0.111605    4.226487    0.125000    0.061419   -2.660707    0.166667    0.428215   -0.968847    0.208333    0.115616   -6.368201    0.250000    0.055863   -0.974748
3.32 3.42   12.070109    0.041667    0.411633   -1.508292    0.083333    0.102956    4.217418    0.125000    0.066684   -2.664878    0.166667    0.424109   -0.958252    0.208333    0.123385   -6.444293    0.250000    0.059163   -1.015609
3.33 3.43   12.038203    0.041667    0.419026   -1.528698    0.083333    0.083483    4.109684    0.125000    0.060502   -2.771926    0.166667    0.430331   -0.943408    0.208333    0.124661   -6.371382    0.250000    0.064186   -0.887628
3.34 3.44   12.005967    0.041667    0.427339   -1.522480    0.083333    0.055033    3.988729    0.125000    0.069820   -2.836586    0.166667    0.435848   -0.932960    0.208333    0.139705   -6.437541    0.250000    0.058446   -0.895540
3.35 3.45   11.973402    0.041667    0.431045   -1.532021    0.083333    0.056553    4.227572    0.125000    0.069653   -2.765726    0.166667    0.434478   -0.899401    0.208333    0.150258   -6.426299    0.250000    0.058008   -0.845367
3.36 3.46   11.940507    0.041667    0.438247   -1.541544    0.083333    0.054566    4.546082    0.125000    0.072999   -2.658523    0.166667    0.436983   -0.880351    0.208333    0.160828   -6.437203    0.250000    0.061153   -0.771877
3.37 3.47   11.907282    0.041667    0.451119   -1.546614    0.083333    0.046806    4.707345    0.125000    0.079364   -2.581485    0.166667    0.435534   -0.843574    0.208333    0.168857   -6.440007    0.250000    0.060622   -0.819827
3.38 3.48   11.873728    0.041667    0.472674   -1.487233    0.083333    0.037219    5.022188    0.125000    0.092697   -2.561313    0.166667    0.435401   -0.841992    0.208333    0.163972   -6.416953    0.250000    0.058200   -0.683623
3.39 3.49   11.839844    0.041667    0.472474   -1.529216    0.083333    0.055193    4.942601    0.125000    0.089207   -2.501972    0.166667    0.437042   -0.833918    0.208333    0.172238   -6.486094    0.250000    0.054505   -0.815131
3.40 3.50   11.805632    0.041667    0.487531   -1.565373    0.083333    0.056288    5.149320    0.125000    0.090976   -2.503234    0.166667    0.439153   -0.829107    0.208333    0.182672   -6.502922    0.250000    0.054183   -0.834564
3.41 3.51   11.771091    0.041667    0.478775   -1.642238    0.083333    0.089875    5.132558    0.125000    0.071020   -2.544285    0.166667    0.440128   -0.812265    0.208333    0.196834   -6.536544    0.250000    0.051912   -0.677432
3.42 3.52   11.736222    0.041667    0.483783   -1.668521    0.083333    0.064514    5.179395    0.125000    0.078066   -2.651340    0.166667    0.441553   -0.805953    0.208333    0.196719   -6.580662    0.250000    0.053922   -0.946180
3.43 3.53   11.701025    0.041667    0.477676   -1.637662    0.083333    0.071391    5.247749    0.125000    0.086143   -2.744272    0.166667    0.435761   -0.800670    0.208333    0.195888   -6.589504    0.250000    0.054291   -1.021808
3.44 3.54   11.665503    0.041667    0.487093   -1.665843    0.083333    0.101120    5.034418    0.125000    0.083750   -2.758673    0.166667    0.420899   -0.813030    0.208333    0.191863   -6.575584    0.250000    0.059721   -0.950624
3.45 3.55   11.629655    0.041667    0.490154   -1.686025    0.083333    0.094068    5.105631    0.125000    0.079373   -2.798270    0.166667    0.421478   -0.836021    0.208333    0.190330   -6.558869    0.250000    0.056584   -0.989314
3.46 3.56   11.593482    0.041667    0.493222   -1.702076    0.083333    0.092689    5.096022    0.125000    0.081958   -2.931640    0.166667    0.415403   -0.834833    0.208333    0.199099   -6.538510    0.250000    0.054889   -1.053606
3.47 3.57   11.556987    0.041667    0.490818   -1.709227    0.083333    0.078065    5.202223    0.125000    0.088836   -3.022526    0.166667    0.417656   -0.848204    0.208333    0.209961   -6.547659    0.250000    0.056463   -0.865251
3.48 3.58   11.520169    0.041667    0.496325   -1.690824    0.083333    0.094830    5.204284    0.125000    0.095765   -3.066492    0.166667    0.414172   -0.839738    0.208333    0.217754   -6.533292    0.250000    0.056417   -0.846179
3.49 3.59   11.483030    0.041667    0.500762   -1.710094    0.083333    0.098551    5.211516    0.125000    0.098700   -3.063477    0.166667    0.405481   -0.844869    0.208333    0.227950   -6.489296    0.250000    0.059235   -0.814390
3.50 3.60   11.445573    0.041667    0.499593   -1.728160    0.083333    0.105517    5.240001    0.125000    0.097232   -3.048591    0.166667    0.407844   -0.849825    0.208333    0.234944   -6.499174    0.250000    0.056569   -0.810519
3.51 3.61   11.407798    0.041667    0.510273   -1.670368    0.083333    0.083630    5.346899    0.125000    0.122753   -2.941014    0.166667    0.400762   -0.859568    0.208333    0.233422   -6.457600    0.250000    0.057111   -0.930484
3.52 3.62   11.369708    0.041667    0.513334   -1.674363    0.083333    0.113370    5.303099    0.125000    0.119000   -2.939303    0.166667    0.390509   -0.858535    0.208333    0.241005   -6.438791    0.250000    0.058715   -0.723887
3.53 3.63   11.331303    0.041667    0.523962   -1.704659    0.083333    0.128472    5.307946    0.125000    0.117045   -2.870195    0.166667    0.386377   -0.860694    0.208333    0.253508   -6.450465    0.250000    0.060010   -0.760164
3.54 3.64   11.292587    0.041667    0.509487   -1.787060    0.083333    0.148626    5.350149    0.125000    0.098586   -2.941576    0.166667    0.387992   -0.829575    0.208333    0.269618   -6.489604    0.250000    0.059499   -0.691745
3.55 3.65   11.253562    0.041667    0.508907   -1.797340    0.083333    0.125328    5.421989    0.125000    0.105735   -3.003740    0.166667    0.384945   -0.818169    0.208333    0.270199   -6.506855    0.250000    0.064127   -0.893716
3.56 3.66   11.214229    0.041667    0.501914   -1.790693    0.083333    0.122702    5.419944    0.125000    0.112674   -3.031824    0.166667    0.372419   -0.807321    0.208333    0.268066   -6.505554    0.250000    0.073291   -0.766736
3.57 3.67   11.174591    0.041667    0.505026   -1.811396    0.083333    0.139419    5.355473    0.125000    0.112694   -3.055645    0.166667    0.354341   -0.818819    0.208333    0.268750   -6.512601    0.250000    0.081096   -0.859496
3.58 3.68   11.134651    0.041667    0.503529   -1.843725    0.083333    0.130971    5.386281    0.125000    0.112843   -3.084040    0.166667    0.343341   -0.830454    0.208333    0.269576   -6.526939    0.250000    0.095420   -0.874355
3.59 3.69   11.094411    0.041667    0.506154   -1.855040    0.083333    0.132841    5.408299    0.125000    0.118040   -3.144381    0.166667    0.334910   -0.844203    0.208333    0.271586   -6.529098    0.250000    0.101527   -0.851883
3.60 3.70   11.053875    0.041667    0.507032   -1.856157    0.083333    0.130752    5.460439    0.125000    0.122803   -3.213159    0.166667    0.332682   -0.838645    0.208333    0.278336   -6.510377    0.250000    0.102587   -0.798463
3.61 3.71   11.013044    0.041667    0.520121   -1.864311    0.083333    0.136337    5.469587    0.125000    0.119590   -3.273260    0.166667    0.329367   -0.841328    0.208333    0.279631   -6.511753    0.250000    0.104963   -0.720479
3.62 3.72   10.971923    0.041667    0.534548   -1.873025    0.083333    0.143282    5.473000    0.125000    0.124197   -3.280578    0.166667    0.329965   -0.843085    0.208333    0.283042   -6.516007    0.250000    0.101525   -0.697815
3.63 3.73   10.930514    0.041667    0.546426   -1.887206    0.083333    0.143603    5.517240    0.125000    0.129479   -3.298456    0.166667    0.322827   -0.844769    0.208333    0.281490   -6.517365    0.250000    0.100466   -0.698630
3.64 3.74   10.888821    0.041667    0.562608   -1.827266    0.083333    0.126503    5.632583    0.125000    0.150054   -3.275928    0.166667    0.314488   -0.877839    0.208333    0.270014   -6.474811    0.250000    0.099933   -0.727929
3.65 3.75   10.846847    0.041667    0.571498   -1.830791    0.083333    0.148924    5.639019    0.125000    0.152930   -3.264015    0.166667    0.309426   -0.898292    0.208333    0.277120   -6.459526    0.250000    0.098421   -0.601472
3.66 3.76   10.804596    0.041667    0.577376   -1.872527    0.083333    0.178523    5.594177    0.125000    0.137795   -3.315622    0.166667    0.312675   -0.940471    0.208333    0.286160   -6.490726    0.250000    0.094794   -0.660039
3.67 3.77   10.762071    0.041667    0.583663   -1.902523    0.083333    0.165364    5.665792    0.125000    0.132561   -3.270609    0.166667    0.310970   -0.883392    0.208333    0.287256   -6.470515    0.250000    0.080327   -0.715353
3.68 3.78   10.719277    0.041667    0.581077   -1.901382    0.083333    0.156108    5.737197    0.125000    0.143168   -3.343228    0.166667    0.308248   -0.900278    0.208333    0.285338   -6.469594    0.250000    0.066662   -0.731207
3.69 3.79   10.676217    0.041667    0.589776   -1.899710    0.083333    0.163280    5.704529    0.125000    0.143213   -3.351127    0.166667    0.296966   -0.911056    0.208333    0.286588   -6.453120    0.250000    0.053344   -0.756105
3.70 3.80   10.632896    0.041667    0.604557   -1.918379    0.083333    0.166059    5.672677    0.125000    0.144098   -3.352552    0.166667    0.286368   -0.936091    0.208333    0.292024   -6.461184    0.250000    0.056252   -0.877557
3.71 3.81   10.589318    0.041667    0.603587   -1.932996    0.083333    0.163805    5.668483    0.125000    0.144243   -3.380996    0.166667    0.282667   -0.959179    0.208333    0.296968   -6.453484    0.250000    0.063234   -1.061252
3.72 3.82   10.545487    0.041667    0.601525   -1.934348    0.083333    0.156357    5.715282    0.125000    0.145985   -3.421162    0.166667    0.279156   -0.977986    0.208333    0.300943   -6.432972    0.250000    0.063186   -1.042849
3.73 3.83   10.501407    0.041667    0.609410   -1.934874    0.083333    0.166186    5.666222    0.125000    0.144834   -3.438985    0.166667    0.281772   -0.994693    0.208333    0.308420   -6.430415    0.250000    0.061982   -1.049946
3.74 3.84   10.457084    0.041667    0.613652   -1.949410    0.083333    0.163810    5.629914    0.125000    0.138399   -3.449412    0.166667    0.280255   -0.991000    0.208333    0.308369   -6.442358    0.250000    0.065222   -1.138902
3.75 3.85   10.412523    0.041667    0.620017   -1.966267    0.083333    0.156317    5.594971    0.125000    0.129186   -3.465762    0.166667    0.270468   -0.963672    0.208333    0.304246   -6.441195    0.250000    0.066223   -1.099364
3.76 3.86   10.367727    0.041667    0.633398   -1.951555    0.083333    0.136182    5.677141    0.125000    0.139837   -3.409431    0.166667    0.265007   -0.916977    0.208333    0.297865   -6.403785    0.250000    0.060602   -1.157743
3.77 3.87   10.322702    0.041667    0.640523   -1.936422    0.083333    0.144811    5.700699    0.125000    0.146714   -3.502539    0.166667    0.263823   -0.970911    0.208333    0.299254   -6.399072    0.250000    0.064304   -1.011801
3.78 3.88   10.277454    0.041667    0.644387   -1.974118    0.083333    0.166767    5.577120    0.125000    0.134014   -3.525758    0.166667    0.258759   -0.975498    0.208333    0.309295   -6.402417    0.250000    0.071002   -1.062791
3.79 3.89   10.231988    0.041667    0.641845   -1.993098    0.083333    0.151278    5.702631    0.125000    0.126028   -3.528461    0.166667    0.268704   -0.933858    0.208333    0.312762   -6.386738    0.250000    0.069264   -1.139977
3.80 3.90   10.186308    0.041667    0.625732   -1.985191    0.083333    0.140021    5.782713    0.125000    0.130359   -3.584031    0.166667    0.256945   -0.933762    0.208333    0.306942   -6.396163    0.250000    0.077289   -1.127778
3.81 3.91   10.140421    0.041667    0.632132   -1.991225    0.083333    0.141989    5.774490    0.125000    0.133607   -3.529805    0.166667    0.245482   -0.942043    0.208333    0.302490   -6.389526    0.250000    0.074755   -1.120642
3.82 3.92   10.094331    0.041667    0.633391   -2.009939    0.083333    0.145450    5.810579    0.125000    0.131707   -3.556153    0.166667    0.230244   -0.943794    0.208333    0.295340   -6.412179    0.250000    0.076421   -1.138939
3.83 3.93   10.048046    0.041667    0.622689   -2.004995    0.083333    0.135194    5.932261    0.125000    0.138205   -3.570597    0.166667    0.217044   -0.964818    0.208333    0.294803   -6.404703    0.250000    0.076396   -1.145269
3.84 3.94   10.001570    0.041667    0.619161   -2.002604    0.083333    0.140091    6.011945    0.125000    0.140186   -3.518265    0.166667    0.213908   -0.937521    0.208333    0.298704   -6.359585    0.250000    0.071154   -1.077775
3.85 3.95    9.954910    0.041667    0.620171   -1.995798    0.083333    0.147752    6.068048    0.125000    0.139069   -3.548759    0.166667    0.215753   -0.976835    0.208333    0.302228   -6.365578    0.250000    0.068579   -1.167436
3.86 3.96    9.908071    0.041667    0.617781   -2.000954    0.083333    0.145071    6.067432    0.125000    0.142383   -3.559508    0.166667    0.207232   -1.030487    0.208333    0.305176   -6.359502    0.250000    0.069721   -1.234941
3.87 3.97    9.861060    0.041667    0.607130   -2.005074    0.083333    0.144045    6.030240    0.125000    0.141885   -3.537239    0.166667    0.195911   -1.057866    0.208333    0.304490   -6.363814    0.250000    0.063822   -1.302498
3.88 3.98    9.813883    0.041667    0.611352   -1.994232    0.083333    0.135732    6.125677    0.125000    0.147041   -3.516582    0.166667    0.192609   -1.051630    0.208333    0.297355   -6.361013    0.250000    0.063871   -1.332704
3.89 3.99    9.766546    0.041667    0.608191   -1.999172    0.083333    0.142012    5.967608    0.125000    0.149127   -3.544213    0.166667    0.186197   -1.091401    0.208333    0.291812   -6.386676    0.250000    0.064020   -1.247395
3.90 4.00    9.719056    0.041667    0.615283   -2.050958    0.083333    0.157908    5.892020    0.125000    0.133919   -3.526606    0.166667    0.189081   -1.017587    0.208333    0.295711   -6.382448    0.250000    0.056270   -1.293856
3.91 4.01    9.671420    0.041667    0.607850   -2.056976    0.083333    0.148485    6.015116    0.125000    0.137795   -3.566474    0.166667    0.195442   -1.019153    0.208333    0.287168   -6.398249    0.250000    0.049434   -1.411987
3.92 4.02    9.623643    0.041667    0.610903   -2.040368    0.083333    0.156407    6.023821    0.125000    0.135107   -3.569674    0.166667    0.192357   -1.033002    0.208333    0.288832   -6.378476    0.250000    0.042651   -1.464689
3.93 4.03    9.575733    0.041667    0.612107   -2.067855    0.083333    0.160486    5.953243    0.125000    0.132619   -3.597722    0.166667    0.190756   -1.049785    0.208333    0.285311   -6.372073    0.250000    0.045066   -1.603950
3.94 4.04    9.527696    0.041667    0.609117   -2.084202    0.083333    0.153153    5.900617    0.125000    0.132873   -3.670613    0.166667    0.178839   -1.108127    0.208333    0.277730   -6.393595    0.250000    0.055372   -1.649918
3.95 4.05    9.479539    0.041667    0.603139   -2.111469    0.083333    0.157622    5.866829    0.125000    0.137503   -3.674688    0.166667    0.165239   -1.060917    0.208333    0.277361   -6.379854    0.250000    0.052540   -1.610910
3.96 4.06    9.431270    0.041667    0.605118   -2.110705    0.083333    0.162370    5.929102    0.125000    0.127165   -3.711144    0.166667    0.163308   -0.988545    0.208333    0.274774   -6.394497    0.250000    0.045784   -1.581852
3.97 4.07    9.382894    0.041667    0.618546   -2.117771    0.083333    0.162903    5.944910    0.125000    0.124458   -3.758081    0.166667    0.168013   -0.921792    0.208333    0.270108   -6.378993    0.250000    0.046590   -1.526589
3.98 4.08    9.334420    0.041667    0.619163   -2.117555    0.083333    0.160074    5.984844    0.125000    0.120316   -3.817601    0.166667    0.171135   -0.956280    0.208333    0.265694   -6.330769    0.250000    0.042884   -1.594972
3.99 4.09    9.285854    0.041667    0.623452   -2.124083    0.083333    0.161021    6.031774    0.125000    0.121423   -3.816899    0.166667    0.166159   -0.968717    0.208333    0.259642   -6.317899    0.250000    0.050843   -1.654633
4.00 4.10    9.237203    0.041667    0.625004   -2.107856    0.083333    0.150622    5.999133    0.125000    0.130161   -3.829722    0.166667    0.164823   -0.989908    0.208333    0.257090   -6.299274    0.250000    0.055290   -1.618684
4.01 4.11    9.188474    0.041667    0.632492   -2.150578    0.083333    0.160524    5.900194    0.125000    0.110657   -3.948455    0.166667    0.163527   -0.886926    0.208333    0.260721   -6.301864    0.250000    0.054809   -1.529669
4.02 4.12    9.139676    0.041667    0.620178   -2.178667    0.083333    0.142085    5.919106    0.125000    0.123254   -3.978398    0.166667    0.171465   -0.894424    0.208333    0.255277   -6.291852    0.250000    0.062355   -1.614741
4.03 4.13    9.090815    0.041667    0.632319   -2.166776    0.083333    0.142727    5.912864    0.125000    0.119642   -4.046698    0.166667    0.171191   -0.940218    0.208333    0.254766   -6.286421    0.250000    0.059809   -1.667081
4.04 4.14    9.041898    0.041667    0.632615   -2.181327    0.083333    0.145209    5.928499    0.125000    0.121385   -4.062127    0.166667    0.175014   -0.960083    0.208333    0.252170   -6.298996    0.250000    0.059616   -1.698914
4.05 4.15    8.992933    0.041667    0.631853   -2.187207    0.083333    0.143068    5.932971    0.125000    0.116718   -4.109171    0.166667    0.173700   -0.969533    0.208333    0.248755   -6.305766    0.250000    0.071891   -1.751654
4.06 4.16    8.943927    0.041667    0.629497   -2.197430    0.083333    0.145215    5.918226    0.125000    0.128018   -4.080714    0.166667    0.180521   -0.993892    0.208333    0.247022   -6.285454    0.250000    0.071414   -1.831400
4.07 4.17    8.894887    0.041667    0.627291   -2.205396    0.083333    0.143548    5.935390    0.125000    0.126235   -4.096488    0.166667    0.186937   -1.055181    0.208333    0.248347   -6.290532    0.250000    0.074523   -1.890350
4.08 4.18    8.845822    0.041667    0.621577   -2.207921    0.083333    0.143618    5.979884    0.125000    0.135891   -4.091012    0.166667    0.184382   -1.075978    0.208333    0.244367   -6.341001    0.250000    0.079788   -1.934489
4.09 4.19    8.796738    0.041667    0.622784   -2.209477    0.083333    0.147729    5.979215    0.125000    0.134247   -4.133063    0.166667    0.182550   -1.060836    0.208333    0.247435   -6.351989    0.250000    0.087709   -1.930209
4.10 4.20    8.747643    0.041667    0.627079   -2.212625    0.083333    0.148048    6.069890    0.125000    0.138433   -4.120868    0.166667    0.182795   -1.046699    0.208333    0.242994   -6.322147    0.250000    0.083786   -2.048069
4.11 4.21    8.698545    0.041667    0.624445   -2.201351    0.083333    0.156450    6.015649    0.125000    0.147745   -4.080247    0.166667    0.185527   -1.137065    0.208333    0.246745   -6.322248    0.250000    0.090134   -2.074673
4.12 4.22    8.649450    0.041667    0.629236   -2.208596    0.083333    0.159067    6.112457    0.125000    0.139143   -4.073534    0.166667    0.186167   -1.120299    0.208333    0.253823   -6.308193    0.250000    0.098038   -2.115006
4.13 4.23    8.600367    0.041667    0.609949   -2.234023    0.083333    0.153695    6.061984    0.125000    0.143768   -4.097908    0.166667    0.180054   -1.119714    0.208333    0.249505   -6.328345    0.250000    0.108158   -2.063669
4.14 4.24    8.551303    0.041667    0.618624   -2.226337    0.083333    0.153733    6.105770    0.125000    0.137404   -4.104299    0.166667    0.185965   -1.042440    0.208333    0.247003   -6.320753    0.250000    0.105146   -2.136208
4.15 4.25    8.502265    0.041667    0.620345   -2.226627    0.083333    0.148601    6.090530    0.125000    0.143906   -4.105720    0.166667    0.198190   -1.090340    0.208333    0.247651   -6.312860    0.250000    0.105460   -2.212933
4.16 4.26    8.453261    0.041667    0.614593   -2.240904    0.083333    0.143359    6.054875    0.125000    0.139891   -4.105815    0.166667    0.199366   -1.108840    0.208333    0.244021   -6.313499    0.250000    0.120277   -2.063999
4.17 4.27    8.404298    0.041667    0.611450   -2.247102    0.083333    0.151317    6.089378    0.125000    0.136400   -4.104927    0.166667    0.187499   -1.094423    0.208333    0.242138   -6.334298    0.250000    0.128152   -2.052536
4.18 4.28    8.355384    0.041667    0.623317   -2.256563    0.083333    0.158683    6.080266    0.125000    0.127954   -4.081818    0.166667    0.189036   -1.046071    0.208333    0.240604   -6.307054    0.250000    0.116857   -2.088621
4.19 4.29    8.306525    0.041667    0.619730   -2.270991    0.083333    0.153081    6.076247    0.125000    0.127504   -4.048972    0.166667    0.198421   -1.053053    0.208333    0.230671   -6.289376    0.250000    0.117810   -2.153482
4.20 4.30    8.257730    0.041667    0.614555   -2.281639    0.083333    0.153069    6.048830    0.125000    0.121620   -4.048469    0.166667    0.193629   -1.090145    0.208333    0.228561   -6.315213    0.250000    0.133272   -2.033339
4.21 4.31    8.209006    0.041667    0.621271   -2.277442    0.083333    0.141121    6.081667    0.125000    0.122097   -4.077398    0.166667    0.188140   -1.087443    0.208333    0.222719   -6.327173    0.250000    0.129232   -2.041508
4.22 4.32    8.160359    0.041667    0.620016   -2.286130    0.083333    0.142762    6.093438    0.125000    0.117032   -4.090232    0.166667    0.192438   -1.100199    0.208333    0.214727   -6.343485    0.250000    0.126125   -2.070578
4.23 4.33    8.111797    0.041667    0.618873   -2.291917    0.083333    0.140761    6.075998    0.125000    0.125362   -4.105721    0.166667    0.193970   -1.091342    0.208333    0.208507   -6.345206    0.250000    0.129931   -2.018323
4.24 4.34    8.063327    0.041667    0.618594   -2.302032    0.083333    0.147251    6.085029    0.125000    0.123755   -4.081926    0.166667    0.188421   -1.135315    0.208333    0.203890   -6.338464    0.250000    0.132167   -2.025402
4.25 4.35    8.014957    0.041667    0.622583   -2.311593    0.083333    0.144154    6.113967    0.125000    0.123738   -4.117302    0.166667    0.186452   -1.146195    0.208333    0.201773   -6.353945    0.250000    0.133058   -1.992348
4.26 4.36    7.966692    0.041667    0.622832   -2.321117    0.083333    0.140343    6.126584    0.125000    0.124873   -4.185726    0.166667    0.181875   -1.152264    0.208333    0.195810   -6.375646    0.250000    0.136255   -1.985455
4.27 4.37    7.918541    0.041667    0.623139   -2.325383    0.083333    0.141207    6.136705    0.125000    0.126249   -4.201129    0.166667    0.180156   -1.167739    0.208333    0.191855   -6.357321    0.250000    0.133665   -1.996813
4.28 4.38    7.870511    0.041667    0.616589   -2.337469    0.083333    0.137530    6.131815    0.125000    0.132542   -4.259375    0.166667    0.182114   -1.183756    0.208333    0.187142   -6.362739    0.250000    0.145015   -2.015565
4.29 4.39    7.822607    0.041667    0.616736   -2.341474    0.083333    0.132069    6.138963    0.125000    0.139883   -4.334058    0.166667    0.168532   -1.171088    0.208333    0.187739   -6.375092    0.250000    0.151505   -1.956847
4.30 4.40    7.774837    0.041667    0.617431   -2.344092    0.083333    0.135065    6.214478    0.125000    0.145636   -4.348681    0.166667    0.168686   -1.170259    0.208333    0.185407   -6.341506    0.250000    0.142885   -2.023732
4.31 4.41    7.727207    0.041667    0.602029   -2.368973    0.083333    0.134231    6.200441    0.125000    0.151665   -4.346079    0.166667    0.177629   -1.169282    0.208333    0.178271   -6.363068    0.250000    0.150499   -2.019172
4.32 4.42    7.679725    0.041667    0.596224   -2.372527    0.083333    0.123827    6.221451    0.125000    0.158096   -4.356626    0.166667    0.165359   -1.139501    0.208333    0.175043   -6.386528    0.250000    0.153022   -1.956697
4.33 4.43    7.632396    0.041667    0.598880   -2.371804    0.083333    0.136126    6.382861    0.125000    0.153362   -4.377057    0.166667    0.161940   -1.164649    0.208333    0.171023   -6.396566    0.250000    0.142010   -2.054940
4.34 4.44    7.585227    0.041667    0.590512   -2.390768    0.083333    0.128378    6.344320    0.125000    0.163956   -4.427459    0.166667    0.170719   -1.180411    0.208333    0.171196   -6.359894    0.250000    0.155779   -2.038275
4.35 4.45    7.538224    0.041667    0.589966   -2.398583    0.083333    0.134412    6.318541    0.125000    0.157468   -4.407922    0.166667    0.165946   -1.154817    0.208333    0.162992   -6.365736    0.250000    0.165317   -1.989614
4.36 4.46    7.491394    0.041667    0.585451   -2.405964    0.083333    0.137753    6.403050    0.125000    0.162841   -4.425014    0.166667    0.161616   -1.200617    0.208333    0.168576   -6.359722    0.250000    0.159371   -2.122288
4.37 4.47    7.444742    0.041667    0.580686   -2.426119    0.083333    0.133109    6.291488    0.125000    0.164072   -4.425764    0.166667    0.171504   -1.167253    0.208333    0.158827   -6.359873    0.250000    0.170062   -2.073316
4.38 4.48    7.398276    0.041667    0.585313   -2.434676    0.083333    0.137524    6.362339    0.125000    0.158562   -4.411704    0.166667    0.161899   -1.184198    0.208333    0.157524   -6.364853    0.250000    0.164132   -2.033392
4.39 4.49    7.352000    0.041667    0.581669   -2.458543    0.083333    0.138226    6.341666    0.125000    0.158808   -4.418079    0.166667    0.171267   -1.243459    0.208333    0.153382   -6.360329    0.250000    0.166403   -2.095430
4.40 4.50    7.305920    0.041667    0.584312   -2.475919    0.083333    0.135818    6.222837    0.125000    0.150280   -4.448138    0.166667    0.169755   -1.230129    0.208333    0.138219   -6.396295    0.250000    0.167506   -2.056249
4.41 4.51    7.260043    0.041667    0.585477   -2.477923    0.083333    0.138295    6.358097    0.125000    0.142264   -4.435703    0.166667    0.169182   -1.221677    0.208333    0.145867   -6.398259    0.250000    0.161601   -2.092831
4.42 4.52    7.214373    0.041667    0.587723   -2.499502    0.083333    0.139358    6.230644    0.125000    0.152652   -4.468106    0.166667    0.177026   -1.276659    0.208333    0.136664   -6.386043    0.250000    0.166976   -2.087278
4.43 4.53    7.168917    0.041667    0.586604   -2.504693    0.083333    0.135881    6.280298    0.125000    0.141748   -4.424149    0.166667    0.175557   -1.221386    0.208333    0.134937   -6.419943    0.250000    0.160350   -2.100547
4.44 4.54    7.123680    0.041667    0.588990   -2.514105    0.083333    0.135607    6.270997    0.125000    0.142114   -4.447136    0.166667    0.178245   -1.268203    0.208333    0.133078   -6.454397    0.250000    0.162203   -2.105440
4.45 4.55    7.078667    0.041667    0.585513   -2.514140    0.083333    0.136406    6.359831    0.125000    0.145017   -4.467335    0.166667    0.183080   -1.318811    0.208333    0.128707   -6.469535    0.250000    0.150517   -2.212533
4.46 4.56    7.033882    0.041667    0.585977   -2.527690    0.083333    0.133422    6.310566    0.125000    0.138841   -4.463765    0.166667    0.186829   -1.292275    0.208333    0.123381   -6.499094    0.250000    0.154104   -2.181011
4.47 4.57    6.989332    0.041667    0.588971   -2.537250    0.083333    0.131844    6.322166    0.125000    0.140508   -4.445504    0.166667    0.182178   -1.320761    0.208333    0.119618   -6.528919    0.250000    0.141861   -2.223185
4.48 4.58    6.945021    0.041667    0.581905   -2.556511    0.083333    0.127153    6.257642    0.125000    0.142370   -4.452204    0.166667    0.195126   -1.328610    0.208333    0.119206   -6.584874    0.250000    0.150007   -2.244458
4.49 4.59    6.900954    0.041667    0.590519   -2.563034    0.083333    0.129372    6.207369    0.125000    0.135424   -4.417420    0.166667    0.186972   -1.317026    0.208333    0.113782   -6.637912    0.250000    0.143246   -2.180179
4.50 4.60    6.857135    0.041667    0.585654   -2.583341    0.083333    0.133061    6.356484    0.125000    0.140799   -4.408018    0.166667    0.196281   -1.323053    0.208333    0.129289   -6.620668    0.250000    0.144969   -2.308851
4.51 4.61    6.813569    0.041667    0.583312   -2.589220    0.083333    0.118256    6.204278    0.125000    0.146351   -4.432185    0.166667    0.191317   -1.354762    0.208333    0.114805   -6.598396    0.250000    0.140512   -2.273829
4.52 4.62    6.770261    0.041667    0.581977   -2.601683    0.083333    0.118008    6.365540    0.125000    0.136749   -4.382587    0.166667    0.179395   -1.344383    0.208333    0.122177   -6.688692    0.250000    0.137031   -2.332113
4.53 4.63    6.727214    0.041667    0.576638   -2.626462    0.083333    0.125319    6.260139    0.125000    0.148119   -4.368737    0.166667    0.183330   -1.379038    0.208333    0.111609   -6.560522    0.250000    0.139827   -2.275308
4.54 4.64    6.684433    0.041667    0.573232   -2.630710    0.083333    0.126623    6.338180    0.125000    0.145405   -4.344481    0.166667    0.171955   -1.411942    0.208333    0.111329   -6.626248    0.250000    0.131645   -2.334687
4.55 4.65    6.641922    0.041667    0.573461   -2.647306    0.083333    0.119559    6.316110    0.125000    0.144427   -4.301013    0.166667    0.164418   -1.366124    0.208333    0.109357   -6.560137    0.250000    0.129598   -2.295067
4.56 4.66    6.599684    0.041667    0.571017   -2.655852    0.083333    0.124759    6.297215    0.125000    0.144424   -4.246109    0.166667    0.159306   -1.404229    0.208333    0.106312   -6.535016    0.250000    0.126085   -2.293541
4.57 4.67    6.557724    0.041667    0.574842   -2.658600    0.083333    0.121374    6.284132    0.125000    0.145653   -4.226473    0.166667    0.160232   -1.385606    0.208333    0.105465   -6.455351    0.250000    0.123274   -2.342775
4.58 4.68    6.516044    0.041667    0.576879   -2.678378    0.083333    0.126850    6.251816    0.125000    0.147226   -4.193938    0.166667    0.152827   -1.357944    0.208333    0.101399   -6.421387    0.250000    0.123373   -2.315114
4.59 4.69    6.474649    0.041667    0.565807   -2.692635    0.083333    0.120405    6.336486    0.125000    0.155795   -4.187107    0.166667    0.148217   -1.352214    0.208333    0.110826   -6.398687    0.250000    0.114972   -2.397805
4.60 4.70    6.433542    0.041667    0.566034   -2.686505    0.083333    0.112351    6.221262    0.125000    0.159764   -4.196838    0.166667    0.148514   -1.405730    0.208333    0.097825   -6.285244    0.250000    0.111636   -2.388671
4.61 4.71    6.392726    0.041667    0.568605   -2.698224    0.083333    0.112181    6.371588    0.125000    0.157928   -4.155006    0.166667    0.140161   -1.399480    0.208333    0.098737   -6.378655    0.250000    0.108805   -2.399824
4.62 4.72    6.352204    0.041667    0.573860   -2.710947    0.083333    0.128325    6.264504    0.125000    0.163885   -4.172904    0.166667    0.148402   -1.386585    0.208333    0.097388   -6.177275    0.250000    0.105999   -2.431670
4.63 4.73    6.311979    0.041667    0.573106   -2.708117    0.083333    0.118062    6.364182    0.125000    0.160210   -4.174091    0.166667    0.137585   -1.388890    0.208333    0.094420   -6.284667    0.250000    0.110593   -2.493821
4.64 4.74    6.272053    0.041667    0.580671   -2.719572    0.083333    0.115955    6.309071    0.125000    0.159431   -4.156578    0.166667    0.138178   -1.326996    0.208333    0.098159   -6.160672    0.250000    0.103994   -2.454623
4.65 4.75    6.232431    0.041667    0.576134   -2.725616    0.083333    0.124895    6.229244    0.125000    0.165579   -4.163799    0.166667    0.139786   -1.387055    0.208333    0.101988   -6.197298    0.250000    0.111025   -2.563267
4.66 4.76    6.193113    0.041667    0.582944   -2.735282    0.083333    0.114724    6.176973    0.125000    0.157115   -4.137315    0.166667    0.135338   -1.300395    0.208333    0.096398   -6.207988    0.250000    0.098143   -2.472353
4.67 4.77    6.154102    0.041667    0.574627   -2.748173    0.083333    0.114741    6.201455    0.125000    0.164587   -4.147069    0.166667    0.137445   -1.287779    0.208333    0.101982   -6.265225    0.250000    0.099675   -2.568982
4.68 4.78    6.115401    0.041667    0.574403   -2.735119    0.083333    0.104690    6.164202    0.125000    0.162285   -4.186118    0.166667    0.137107   -1.314807    0.208333    0.101788   -6.250885    0.250000    0.090032   -2.693046
4.69 4.79    6.077012    0.041667    0.582040   -2.738114    0.083333    0.107040    6.138094    0.125000    0.155560   -4.156390    0.166667    0.134666   -1.302694    0.208333    0.095434   -6.234500    0.250000    0.095706   -2.740323
4.70 4.80    6.038937    0.041667    0.581717   -2.759690    0.083333    0.113333    6.102858    0.125000    0.158225   -4.154641    0.166667    0.126765   -1.235481    0.208333    0.098742   -6.262479    0.250000    0.092583   -2.806131
4.71 4.81    6.001178    0.041667    0.577948   -2.758283    0.083333    0.105876    6.089411    0.125000    0.158926   -4.141330    0.166667    0.129860   -1.229152    0.208333    0.097848   -6.247856    0.250000    0.095190   -2.860274
4.72 4.82    5.963736    0.041667    0.576673   -2.762813    0.083333    0.092073    6.107264    0.125000    0.156541   -4.104253    0.166667    0.124130   -1.243343    0.208333    0.094356   -6.334378    0.250000    0.089622   -2.911926
4.73 4.83    5.926613    0.041667    0.579471   -2.783606    0.083333    0.098337    6.020253    0.125000    0.161571   -4.098592    0.166667    0.129306   -1.224366    0.208333    0.101282   -6.306527    0.250000    0.089911   -2.940043
4.74 4.84    5.889811    0.041667    0.576348   -2.793945    0.083333    0.106249    5.987384    0.125000    0.158146   -4.037123    0.166667    0.123318   -1.180351    0.208333    0.094039   -6.367843    0.250000    0.085906   -2.953766
4.75 4.85    5.853331    0.041667    0.578482   -2.795481    0.083333    0.095641    5.951863    0.125000    0.160486   -4.024549    0.166667    0.122003   -1.106993    0.208333    0.089308   -6.390160    0.250000    0.075539   -3.031013
4.76 4.86    5.817175    0.041667    0.575780   -2.793821    0.083333    0.090555    5.948844    0.125000    0.165848   -4.055476    0.166667    0.129745   -1.213166    0.208333    0.092373   -6.328519    0.250000    0.087859   -3.193418
4.77 4.87    5.781343    0.041667    0.579437   -2.797370    0.083333    0.094083    5.903176    0.125000    0.160000   -4.023392    0.166667    0.121396   -1.218047    0.208333    0.089046   -6.377130    0.250000    0.088679   -3.212289
4.78 4.88    5.745836    0.041667    0.575744   -2.808901    0.083333    0.099430    5.979976    0.125000    0.162428   -3.953913    0.166667    0.120007   -1.222490    0.208333    0.079897   -6.363093    0.250000    0.081711   -3.170712
4.79 4.89    5.710656    0.041667    0.573869   -2.818364    0.083333    0.096969    5.960708    0.125000    0.168083   -3.991805    0.166667    0.122556   -1.233414    0.208333    0.078835   -6.372408    0.250000    0.081494   -3.265012
4.80 4.90    5.675803    0.041667    0.574236   -2.815633    0.083333    0.096081    6.000381    0.125000    0.167178   -3.942644    0.166667    0.121536   -1.190845    0.208333    0.078002   -6.451936    0.250000    0.078598   -3.202571
4.81 4.91    5.641278    0.041667    0.575564   -2.828139    0.083333    0.110663    5.875983    0.125000    0.168713   -3.957704    0.166667    0.122611   -1.126915    0.208333    0.076303   -6.423114    0.250000    0.079357   -3.222503
4.82 4.92    5.607082    0.041667    0.568784   -2.833342    0.083333    0.107462    5.878741    0.125000    0.171992   -3.921330    0.166667    0.125703   -1.108816    0.208333    0.081712   -6.465202    0.250000    0.072700   -3.236816
4.83 4.93    5.573214    0.041667    0.566959   -2.825805    0.083333    0.119553    5.762883    0.125000    0.176371   -3.944550    0.166667    0.122647   -1.126543    0.208333    0.072642   -6.457952    0.250000    0.069209   -3.313086
4.84 4.94    5.539676    0.041667    0.567457   -2.827992    0.083333    0.104874    5.683939    0.125000    0.177024   -3.958707    0.166667    0.124542   -1.122932    0.208333    0.075125   -6.544803    0.250000    0.074745   -3.394808
4.85 4.95    5.506467    0.041667    0.564697   -2.837946    0.083333    0.109265    5.676210    0.125000    0.175451   -3.940034    0.166667    0.123064   -1.149203    0.208333    0.076225   -6.560820    0.250000    0.076373   -3.391063
4.86 4.96    5.473588    0.041667    0.558720   -2.852790    0.083333    0.109636    5.691571    0.125000    0.176301   -3.904490    0.166667    0.112545   -1.065927    0.208333    0.073927   -6.600818    0.250000    0.076618   -3.373082
4.87 4.97    5.441039    0.041667    0.560277   -2.854245    0.083333    0.104956    5.648126    0.125000    0.180590   -3.931576    0.166667    0.114334   -1.099318    0.208333    0.069261   -6.599946    0.250000    0.079103   -3.388391
4.88 4.98    5.408820    0.041667    0.566233   -2.862747    0.083333    0.103564    5.536270    0.125000    0.178040   -3.943025    0.166667    0.110186   -1.033807    0.208333    0.074247   -6.657984    0.250000    0.084025   -3.380908
4.89 4.99    5.376930    0.041667    0.560900   -2.870166    0.083333    0.108907    5.595922    0.125000    0.180470   -3.906240    0.166667    0.116812   -1.071974    0.208333    0.082213   -6.698475    0.250000    0.085366   -3.349110
4.90 5.00    5.345369    0.041667    0.557098   -2.868320    0.083333    0.111546    5.435826    0.125000    0.186064   -3.910209    0.166667    0.111094   -1.124666    0.208333    0.077433   -6.678438    0.250000    0.081788   -3.483641
4.91 5.01    5.314138    0.041667    0.559037   -2.868039    0.083333    0.107961    5.421203    0.125000    0.183873   -3.884386    0.166667    0.107078   -1.144659    0.208333    0.078817   -6.702044    0.250000    0.084576   -3.467953
4.92 5.02    5.283235    0.041667    0.564149   -2.870407    0.083333    0.121725    5.401352    0.125000    0.181007   -3.893184    0.166667    0.102156   -1.110254    0.208333    0.076091   -6.651831    0.250000    0.097549   -3.479736
4.93 5.03    5.252660    0.041667    0.562048   -2.874043    0.083333    0.107634    5.376551    0.125000    0.178709   -3.842646    0.166667    0.100697   -1.065855    0.208333    0.080199   -6.644726    0.250000    0.097072   -3.514787
4.94 5.04    5.222412    0.041667    0.562174   -2.879991    0.083333    0.119763    5.377297    0.125000    0.184724   -3.815344    0.166667    0.100543   -1.101496    0.208333    0.077641   -6.585817    0.250000    0.099721   -3.496049
4.95 5.05    5.192491    0.041667    0.570867   -2.879809    0.083333    0.118473    5.322255    0.125000    0.184600   -3.790395    0.166667    0.102261   -1.034517    0.208333    0.074568   -6.638427    0.250000    0.104651   -3.450556
4.96 5.06    5.162896    0.041667    0.573477   -2.885345    0.083333    0.125909    5.351833    0.125000    0.192289   -3.805321    0.166667    0.104680   -1.063065    0.208333    0.078232   -6.677837    0.250000    0.098054   -3.478242
4.97 5.07    5.133626    0.041667    0.571176   -2.881161    0.083333    0.143844    5.358518    0.125000    0.194657   -3.781109    0.166667    0.103044   -1.015414    0.208333    0.076545   -6.582798    0.250000    0.098326   -3.492596
4.98 5.08    5.104680    0.041667    0.570546   -2.870555    0.083333    0.139076    5.334493    0.125000    0.193094   -3.740222    0.166667    0.096677   -0.959117    0.208333    0.077027   -6.524265    0.250000    0.100201   -3.562222
4.99 5.09    5.076057    0.041667    0.574852   -2.870792    0.083333    0.144259    5.297151    0.125000    0.191736   -3.749040    0.166667    0.088081   -0.980185    0.208333    0.073008   -6.457824    0.250000    0.103675   -3.585294
5.00 5.10    5.047757    0.041667    0.579337   -2.878909    0.083333    0.147214    5.293930    0.125000    0.189951   -3.721869    0.166667    0.088473   -0.912930    0.208333    0.073241   -6.438420    0.250000    0.104973   -3.554576
5.01 5.11    5.019777    0.041667    0.584760   -2.878505    0.083333    0.154310    5.281368    0.125000    0.193286   -3.735196    0.166667    0.088100   -0.920209    0.208333    0.071420   -6.379918    0.250000    0.105081   -3.612067
5.02 5.12    4.992116    0.041667    0.586076   -2.883016    0.083333    0.149952    5.233105    0.125000    0.195700   -3.710668    0.166667    0.088025   -0.830020    0.208333    0.069325   -6.399233    0.250000    0.103128   -3.578973
5.03 5.13    4.964774    0.041667    0.587735   -2.886500    0.083333    0.160678    5.262560    0.125000    0.199073   -3.717016    0.166667    0.086567   -0.786253    0.208333    0.068608   -6.440510    0.250000    0.105112   -3.588591
5.04 5.14    4.937749    0.041667    0.590305   -2.881997    0.083333    0.155512    5.210742    0.125000    0.197367   -3.754048    0.166667    0.086408   -0.810011    0.208333    0.072549   -6.421526    0.250000    0.104664   -3.639615
5.05 5.15    4.911039    0.041667    0.589107   -2.885919    0.083333    0.165292    5.231936    0.125000    0.197696   -3.778701    0.166667    0.081682   -0.833337    0.208333    0.072757   -6.359472    0.250000    0.103883   -3.673730
5.06 5.16    4.884644    0.041667    0.591226   -2.882509    0.083333    0.159586    5.138025    0.125000    0.188701   -3.764583    0.166667    0.070836   -0.737403    0.208333    0.072165   -6.356288    0.250000    0.110729   -3.703804
5.07 5.17    4.858560    0.041667    0.598385   -2.890669    0.083333    0.152144    5.093199    0.125000    0.183365   -3.756253    0.166667    0.068637   -0.747243    0.208333    0.074478   -6.457529    0.250000    0.111288   -3.726348
5.08 5.18    4.832788    0.041667    0.601845   -2.897496    0.083333    0.161479    5.110349    0.125000    0.185102   -3.741534    0.166667    0.075118   -0.716868    0.208333    0.071236   -6.473427    0.250000    0.109170   -3.696373
5.09 5.19    4.807324    0.041667    0.600574   -2.892768    0.083333    0.164430    5.086248    0.125000    0.184003   -3.706466    0.166667    0.075493   -0.545916    0.208333    0.076085   -6.513768    0.250000    0.102761   -3.623221
5.10 5.20    4.782168    0.041667    0.606715   -2.888663    0.083333    0.164976    5.066409    0.125000    0.178881   -3.728893    0.166667    0.078318   -0.531784    0.208333    0.076489   -6.535129    0.250000    0.100518   -3.631498
5.11 5.21    4.757318    0.041667    0.607509   -2.897568    0.083333    0.170884    5.105122    0.125000    0.173899   -3.712516    0.166667    0.077079   -0.442250    0.208333    0.076494   -6.548899    0.250000    0.098691   -3.580778
5.12 5.22    4.732772    0.041667    0.607117   -2.896177    0.083333    0.163339    5.035346    0.125000    0.168109   -3.722633    0.166667    0.068466   -0.370622    0.208333    0.075442   -6.611381    0.250000    0.094622   -3.657112
5.13 5.23    4.708527    0.041667    0.614164   -2.896862    0.083333    0.168562    5.018100    0.125000    0.161811   -3.710185    0.166667    0.067045   -0.344218    0.208333    0.075006   -6.592571    0.250000    0.094546   -3.626340
5.14 5.24    4.684583    0.041667    0.614357   -2.906157    0.083333    0.176132    5.050450    0.125000    0.158662   -3.677270    0.166667    0.072030   -0.196770    0.208333    0.074508   -6.567261    0.250000    0.092601   -3.564392
5.15 5.25    4.660937    0.041667    0.613224   -2.905815    0.083333    0.173897    5.015495    0.125000    0.156312   -3.671078    0.166667    0.075599   -0.032001    0.208333    0.075687   -6.582379    0.250000    0.090262   -3.563750
5.16 5.26    4.637586    0.041667    0.622116   -2.902727    0.083333    0.186192    5.038183    0.125000    0.154607   -3.716141    0.166667    0.078920   -0.074041    0.208333    0.071917   -6.549019    0.250000    0.087341   -3.481774
5.17 5.27    4.614530    0.041667    0.622398   -2.901681    0.083333    0.180714    5.028410    0.125000    0.152402   -3.741568    0.166667    0.077103   -0.020012    0.208333    0.071944   -6.459211    0.250000    0.085943   -3.456435
5.18 5.28    4.591766    0.041667    0.624591   -2.908004    0.083333    0.181107    4.995377    0.125000    0.152288   -3.785451    0.166667    0.068370    0.027781    0.208333    0.076656   -6.460602    0.250000    0.084240   -3.455490
5.19 5.29    4.569291    0.041667    0.634916   -2.917194    0.083333    0.182722    4.958788    0.125000    0.151878   -3.810965    0.166667    0.067790   -0.027577    0.208333    0.071279   -6.433671    0.250000    0.089679   -3.525998
5.20 5.30    4.547105    0.041667    0.632039   -2.929776    0.083333    0.177821    4.952465    0.125000    0.153035   -3.802714    0.166667    0.064104    0.058209    0.208333    0.072713   -6.421422    0.250000    0.089118   -3.499615
5.21 5.31    4.525204    0.041667    0.636043   -2.921517    0.083333    0.179183    4.933857    0.125000    0.157473   -3.838144    0.166667    0.067746    0.071498    0.208333    0.071631   -6.372231    0.250000    0.086886   -3.488435
5.22 5.32    4.503586    0.041667    0.637782   -2.924437    0.083333    0.179451    4.928467    0.125000    0.154975   -3.841814    0.166667    0.068213    0.066943    0.208333    0.074592   -6.380323    0.250000    0.086169   -3.413712
5.23 5.33    4.482249    0.041667    0.644114   -2.924804    0.083333    0.171296    4.934173    0.125000    0.154928   -3.869203    0.166667    0.066441    0.130917    0.208333    0.070623   -6.298357    0.250000    0.083730   -3.404271
5.24 5.34    4.461192    0.041667    0.648720   -2.932346    0.083333    0.172691    4.904874    0.125000    0.155420   -3.866054    0.166667    0.061433    0.198887    0.208333    0.069847   -6.244637    0.250000    0.082803   -3.464879
5.25 5.35    4.440410    0.041667    0.650890   -2.933716    0.083333    0.166775    4.865947    0.125000    0.151491   -3.870616    0.166667    0.060377    0.245468    0.208333    0.070475   -6.199339    0.250000    0.079801   -3.431704
5.26 5.36    4.419903    0.041667    0.647757   -2.938292    0.083333    0.166341    4.916284    0.125000    0.156142   -3.835357    0.166667    0.062928    0.391771    0.208333    0.071094   -6.157363    0.250000    0.076961   -3.483658
5.27 5.37    4.399668    0.041667    0.650127   -2.943166    0.083333    0.167866    4.884259    0.125000    0.154538   -3.821482    0.166667    0.070417    0.417707    0.208333    0.069521   -6.193313    0.250000    0.072237   -3.416017
5.28 5.38    4.379703    0.041667    0.653086   -2.940641    0.083333    0.170575    4.899630    0.125000    0.151838   -3.826422    0.166667    0.073073    0.517388    0.208333    0.065458   -6.084625    0.250000    0.066048   -3.419082
5.29 5.39    4.360004    0.041667    0.657167   -2.956063    0.083333    0.169524    4.864633    0.125000    0.150370   -3.815382    0.166667    0.075949    0.569403    0.208333    0.064363   -5.988966    0.250000    0.063678   -3.380240
5.30 5.40    4.340571    0.041667    0.657097   -2.959428    0.083333    0.169087    4.860608    0.125000    0.147593   -3.814270    0.166667    0.080401    0.618628    0.208333    0.065790   -5.962066    0.250000    0.064863   -3.392960
5.31 5.41    4.321399    0.041667    0.654534   -2.967155    0.083333    0.168864    4.832441    0.125000    0.138909   -3.797856    0.166667    0.081912    0.720316    0.208333    0.065067   -5.954060    0.250000    0.065235   -3.459618
5.32 5.42    4.302488    0.041667    0.660166   -2.965730    0.083333    0.171301    4.819821    0.125000    0.140382   -3.842214    0.166667    0.083478    0.733585    0.208333    0.064928   -5.818649    0.250000    0.067109   -3.407475
5.33 5.43    4.283835    0.041667    0.657998   -2.974192    0.083333    0.173115    4.797638    0.125000    0.136292   -3.806978    0.166667    0.091528    0.742592    0.208333    0.064906   -5.783295    0.250000    0.062141   -3.366027
5.34 5.44    4.265436    0.041667    0.659183   -2.969504    0.083333    0.172644    4.786854    0.125000    0.133004   -3.816113    0.166667    0.097571    0.759280    0.208333    0.063966   -5.754438    0.250000    0.061528   -3.285796
5.35 5.45    4.247290    0.041667    0.661001   -2.975131    0.083333    0.178395    4.808957    0.125000    0.128381   -3.823135    0.166667    0.098966    0.807200    0.208333    0.066761   -5.707176    0.250000    0.065042   -3.269455
5.36 5.46    4.229394    0.041667    0.662221   -2.969966    0.083333    0.178233    4.789637    0.125000    0.124959   -3.848679    0.166667    0.102423    0.762093    0.208333    0.064882   -5.668524    0.250000    0.063786   -3.195023
5.37 5.47    4.211746    0.041667    0.662278   -2.972033    0.083333    0.177560    4.761461    0.125000    0.117981   -3.883443    0.166667    0.106170    0.860561    0.208333    0.065865   -5.628800    0.250000    0.064043   -3.256676
5.38 5.48    4.194344    0.041667    0.661359   -2.988411    0.083333    0.184005    4.760777    0.125000    0.117348   -3.904075    0.166667    0.111465    0.836034    0.208333    0.069263   -5.604040    0.250000    0.067996   -3.227899
5.39 5.49    4.177184    0.041667    0.653793   -2.982558    0.083333    0.181190    4.770100    0.125000    0.113281   -3.943525    0.166667    0.117043    0.881356    0.208333    0.070791   -5.639471    0.250000    0.064052   -3.164625
5.40 5.50    4.160264    0.041667    0.657078   -2.975923    0.083333    0.182345    4.858605    0.125000    0.118309   -3.967281    0.166667    0.117764    0.899512    0.208333    0.064649   -5.613138    0.250000    0.063227   -3.160567
5.41 5.51    4.143582    0.041667    0.661310   -2.979045    0.083333    0.174308    4.787145    0.125000    0.118207   -3.973071    0.166667    0.117491    0.929250    0.208333    0.067623   -5.602516    0.250000    0.063414   -3.054392
5.42 5.52    4.127135    0.041667    0.661988   -2.987744    0.083333    0.179336    4.820757    0.125000    0.116952   -3.961514    0.166667    0.120919    0.978152    0.208333    0.069442   -5.645227    0.250000    0.063471   -3.144125
5.43 5.53    4.110921    0.041667    0.659811   -2.984803    0.083333    0.182538    4.828286    0.125000    0.115594   -3.993909    0.166667    0.121803    0.982285    0.208333    0.069115   -5.651012    0.250000    0.063570   -3.060973
5.44 5.54    4.094938    0.041667    0.663284   -2.980635    0.083333    0.181777    4.909921    0.125000    0.120270   -3.995532    0.166667    0.125463    0.978014    0.208333    0.067451   -5.653227    0.250000    0.063637   -3.055668
5.45 5.55    4.079182    0.041667    0.667946   -2.978629    0.083333    0.174245    4.836944    0.125000    0.116915   -4.029381    0.166667    0.126918    1.000282    0.208333    0.065303   -5.632655    0.250000    0.058598   -2.952078
5.46 5.56    4.063652    0.041667    0.671625   -2.994958    0.083333    0.172172    4.819536    0.125000    0.114351   -4.019647    0.166667    0.127649    1.023661    0.208333    0.069998   -5.646756    0.250000    0.059457   -2.894964
5.47 5.57    4.048344    0.041667    0.675650   -2.997813    0.083333    0.179188    4.894373    0.125000    0.114250   -4.029410    0.166667    0.127501    1.052202    0.208333    0.070519   -5.607421    0.250000    0.055621   -2.761156
5.48 5.58    4.033257    0.041667    0.679975   -2.989967    0.083333    0.172514    4.893537    0.125000    0.114487   -4.073740    0.166667    0.125435    1.019528    0.208333    0.069152   -5.617042    0.250000    0.052169   -2.586507
5.49 5.59    4.018388    0.041667    0.685299   -2.994097    0.083333    0.174275    4.887414    0.125000    0.111524   -4.105068    0.166667    0.127344    1.061178    0.208333    0.073620   -5.625764    0.250000    0.048367   -2.607756
5.50 5.60    4.003734    0.041667    0.686942   -3.003901    0.083333    0.172862    4.816036    0.125000    0.099894   -4.191057    0.166667    0.125972    1.095139    0.208333    0.080523   -5.563835    0.250000    0.049395   -2.418952
5.51 5.61    3.989293    0.041667    0.691229   -2.999480    0.083333    0.181082    4.948421    0.125000    0.101930   -4.194305    0.166667    0.129879    1.079539    0.208333    0.079550   -5.488169    0.250000    0.050910   -2.310767
5.52 5.62    3.975062    0.041667    0.695657   -2.999287    0.083333    0.176787    4.902491    0.125000    0.097444   -4.216748    0.166667    0.135811    1.085487    0.208333    0.083099   -5.437455    0.250000    0.056684   -2.077005
5.53 5.63    3.961040    0.041667    0.697887   -3.005736    0.083333    0.178807    4.911682    0.125000    0.097803   -4.306592    0.166667    0.139117    1.104582    0.208333    0.086996   -5.416034    0.250000    0.059652   -1.978739
5.54 5.64    3.947223    0.041667    0.702665   -3.011784    0.083333    0.178214    4.901346    0.125000    0.090036   -4.366451    0.166667    0.141031    1.143806    0.208333    0.092081   -5.371441    0.250000    0.068115   -1.833825
5.55 5.65    3.933610    0.041667    0.704826   -3.016289    0.083333    0.182297    4.893348    0.125000    0.091589   -4.354835    0.166667    0.141912    1.162999    0.208333    0.097150   -5.379375    0.250000    0.068962   -1.790276
5.56 5.66    3.920197    0.041667    0.705724   -3.015501    0.083333    0.183578    4.893479    0.125000    0.086522   -4.402607    0.166667    0.149043    1.203656    0.208333    0.099296   -5.352014    0.250000    0.076252   -1.717243
5.57 5.67    3.906982    0.041667    0.710753   -3.014030    0.083333    0.183286    4.900898    0.125000    0.085261   -4.382276    0.166667    0.155735    1.175169    0.208333    0.100137   -5.334654    0.250000    0.082211   -1.754517
5.58 5.68    3.893964    0.041667    0.710208   -3.009849    0.083333    0.181120    4.865563    0.125000    0.079112   -4.364271    0.166667    0.162961    1.225762    0.208333    0.101402   -5.334877    0.250000    0.086847   -1.800556
5.59 5.69    3.881139    0.041667    0.714278   -3.009449    0.083333    0.184747    4.895292    0.125000    0.078421   -4.358357    0.166667    0.166397    1.218243    0.208333    0.100075   -5.267998    0.250000    0.095339   -1.772799
5.60 5.70    3.868505    0.041667    0.717434   -3.005172    0.083333    0.185205    4.929140    0.125000    0.080323   -4.272466    0.166667    0.174796    1.203323    0.208333    0.100618   -5.257670    0.250000    0.099385   -1.765190
5.61 5.71    3.856060    0.041667    0.717498   -3.010953    0.083333    0.184542    4.851291    0.125000    0.076692   -4.286531    0.166667    0.181436    1.230454    0.208333    0.101691   -5.265487    0.250000    0.102645   -1.739333
5.62 5.72    3.843801    0.041667    0.715372   -3.011125    0.083333    0.187286    4.905025    0.125000    0.078111   -4.289627    0.166667    0.184695    1.229432    0.208333    0.099275   -5.234073    0.250000    0.105940   -1.745118
5.63 5.73    3.831727    0.041667    0.719125   -3.009187    0.083333    0.185916    4.900587    0.125000    0.076265   -4.223924    0.166667    0.190671    1.246906    0.208333    0.100283   -5.215131    0.250000    0.110933   -1.754149
5.64 5.74    3.819834    0.041667    0.721304   -3.009331    0.083333    0.186328    4.911321    0.125000    0.076103   -4.242369    0.166667    0.199196    1.248135    0.208333    0.095942   -5.180117    0.250000    0.114462   -1.737870
5.65 5.75    3.808121    0.041667    0.720851   -3.008901    0.083333    0.183935    4.943000    0.125000    0.078052   -4.277240    0.166667    0.203060    1.262043    0.208333    0.094448   -5.117996    0.250000    0.122635   -1.724355
5.66 5.76    3.796585    0.041667    0.722766   -3.007138    0.083333    0.185187    5.002599    0.125000    0.082832   -4.293621    0.166667    0.203346    1.265198    0.208333    0.091418   -5.049843    0.250000    0.127072   -1.728491
5.67 5.77    3.785224    0.041667    0.724459   -2.994197    0.083333    0.173515    5.059189    0.125000    0.079161   -4.442439    0.166667    0.205702    1.323747    0.208333    0.091881   -5.055256    0.250000    0.142592   -1.752593
5.68 5.78    3.774036    0.041667    0.743746   -3.033807    0.083333    0.193931    4.818360    0.125000    0.076703   -4.350436    0.166667    0.222379    1.348258    0.208333    0.102445   -4.978176    0.250000    0.150482   -1.676349
5.69 5.79    3.763018    0.041667    0.741577   -3.042696    0.083333    0.211240    5.006668    0.125000    0.093145   -4.149510    0.166667    0.221774    1.345617    0.208333    0.096628   -5.031339    0.250000    0.137008   -1.463719
5.70 5.80    3.752168    0.041667    0.736280   -3.041761    0.083333    0.202141    4.788644    0.125000    0.098686   -4.130745    0.166667    0.220025    1.320995    0.208333    0.107018   -5.129468    0.250000    0.140844   -1.396457
5.71 5.81    3.741485    0.041667    0.743810   -3.048956    0.083333    0.223020    4.935404    0.125000    0.118908   -4.109816    0.166667    0.223987    1.422942    0.208333    0.113383   -5.139916    0.250000    0.149787   -1.273562
5.72 5.82    3.730965    0.041667    0.754492   -3.046519    0.083333    0.226049    5.059291    0.125000    0.121699   -4.044589    0.166667    0.229341    1.369726    0.208333    0.119994   -5.074686    0.250000    0.163176   -1.182578
5.73 5.83    3.720607    0.041667    0.756745   -3.050694    0.083333    0.229411    5.082322    0.125000    0.125534   -4.032134    0.166667    0.231575    1.379722    0.208333    0.122161   -5.092999    0.250000    0.166824   -1.148096
5.74 5.84    3.710408    0.041667    0.758267   -3.056228    0.083333    0.232109    5.065000    0.125000    0.132316   -4.011108    0.166667    0.231391    1.392605    0.208333    0.127151   -5.111132    0.250000    0.171423   -1.110219
5.75 5.85    3.700367    0.041667    0.763280   -3.063560    0.083333    0.242512    5.094149    0.125000    0.138918   -3.967175    0.166667    0.234578    1.392443    0.208333    0.131799   -5.124588    0.250000    0.176660   -1.045587
5.76 5.86    3.690481    0.041667    0.769582   -3.074385    0.083333    0.250991    5.079719    0.125000    0.147858   -3.903199    0.166667    0.242229    1.413357    0.208333    0.142787   -5.169982    0.250000    0.189616   -0.941862
5.77 5.87    3.680748    0.041667    0.782465   -3.120198    0.083333    0.297993    5.040915    0.125000    0.196221   -3.767833    0.166667    0.253806    1.373958    0.208333    0.159506   -5.153939    0.250000    0.224023   -0.654350
5.78 5.88    3.671166    0.041667    0.751421   -3.045111    0.083333    0.379333    5.583203    0.125000    0.269653   -3.786253    0.166667    0.221296    1.346419    0.208333    0.168806   -5.339145    0.250000    0.287624   -0.358185
5.79 5.89    3.661733    0.041667    0.778382   -2.996663    0.083333    0.266851    5.320367    0.125000    0.251563   -3.848478    0.166667    0.241786    1.380139    0.208333    0.238081   -5.225922    0.250000    0.310264   -0.633176
5.80 5.90    3.652447    0.041667    0.876478   -3.018541    0.083333    0.793286    5.939929    0.125000    0.306935   -3.807742    0.166667    0.314848    1.682911    0.208333    0.223329   -4.846676    0.250000    0.402861   -0.575209
