2.00 2.10   14.321629    0.041667    1.103474   -1.435719    0.083333    0.960960   -0.149480    0.125000    0.540647   -2.827476    0.166667    0.288604    0.257116    0.208333    0.569539    0.392494    0.250000    0.219711    2.740734
2.01 2.11   14.315099    0.041667    1.173637   -1.387287    0.083333    0.885041   -0.095563    0.125000    0.487768   -2.894808    0.166667    0.294273    0.122332    0.208333    0.526105    0.460673    0.250000    0.214107    2.368911
2.02 2.12   14.308438    0.041667    1.217703   -1.399402    0.083333    0.901943   -0.084651    0.125000    0.402722   -2.939534    0.166667    0.256010   -0.114999    0.208333    0.517064    0.477968    0.250000    0.244622    2.212490
2.03 2.13   14.301644    0.041667    1.260646   -1.468953    0.083333    0.875732   -0.094931    0.125000    0.351818   -2.960371    0.166667    0.225778   -0.298409    0.208333    0.496621    0.536089    0.250000    0.251385    2.165343
2.04 2.14   14.294713    0.041667    1.287025   -1.452111    0.083333    0.861288   -0.073051    0.125000    0.337313   -3.027548    0.166667    0.241260   -0.297066    0.208333    0.462903    0.604153    0.250000    0.260712    2.044262
2.05 2.15   14.287645    0.041667    1.285151   -1.475260    0.083333    0.867941   -0.079712    0.125000    0.306635   -3.074735    0.166667    0.198254   -0.334776    0.208333    0.427974    0.630248    0.250000    0.262958    1.938804
2.06 2.16   14.280436    0.041667    1.328243   -1.483798    0.083333    0.867153   -0.050170    0.125000    0.303438   -3.033060    0.166667    0.203772   -0.612680    0.208333    0.454767    0.688308    0.250000    0.263718    1.885651
2.07 2.17   14.273083    0.041667    1.318006   -1.476674    0.083333    0.845325    0.002420    0.125000    0.308328   -3.062306    0.166667    0.189032   -0.618015    0.208333    0.464608    0.724383    0.250000    0.262299    1.831280
2.08 2.18   14.265583    0.041667    1.334616   -1.446924    0.083333    0.807664   -0.023685    0.125000    0.273654   -3.185533    0.166667    0.221161   -0.513358    0.208333    0.482731    0.798194    0.250000    0.278469    1.950069
2.09 2.19   14.257935    0.041667    1.344201   -1.465248    0.083333    0.786451   -0.016775    0.125000    0.234983   -3.230763    0.166667    0.208234   -0.650183    0.208333    0.463318    0.742679    0.250000    0.289543    1.906982
2.10 2.20   14.250136    0.041667    1.329955   -1.468088    0.083333    0.747955    0.050326    0.125000    0.283020   -3.123287    0.166667    0.234314   -0.811430    0.208333    0.486281    0.701316    0.250000    0.309135    1.904897
2.11 2.21   14.242182    0.041667    1.313360   -1.474702    0.083333    0.764873    0.083362    0.125000    0.306507   -3.099575    0.166667    0.225630   -0.910366    0.208333    0.505598    0.757339    0.250000    0.262923    1.937602
2.12 2.22   14.234070    0.041667    1.301809   -1.469886    0.083333    0.730096    0.052584    0.125000    0.281810   -3.079756    0.166667    0.199266   -0.826987    0.208333    0.484624    0.772468    0.250000    0.241612    1.888397
2.13 2.23   14.225799    0.041667    1.302016   -1.430676    0.083333    0.716485    0.121299    0.125000    0.290812   -3.008207    0.166667    0.207755   -0.980194    0.208333    0.488238    0.689876    0.250000    0.228835    1.916885
2.14 2.24   14.217365    0.041667    1.296437   -1.405610    0.083333    0.675591    0.193388    0.125000    0.304398   -3.015424    0.166667    0.204705   -1.045549    0.208333    0.498449    0.670942    0.250000    0.200729    1.898715
2.15 2.25   14.208764    0.041667    1.290884   -1.376778    0.083333    0.646657    0.252462    0.125000    0.299223   -3.100642    0.166667    0.180304   -1.056222    0.208333    0.518959    0.635441    0.250000    0.183434    1.931723
2.16 2.26   14.199995    0.041667    1.250580   -1.359019    0.083333    0.626985    0.238007    0.125000    0.241922   -3.135090    0.166667    0.150187   -1.223029    0.208333    0.503874    0.568817    0.250000    0.197185    2.061134
2.17 2.27   14.191054    0.041667    1.229967   -1.365481    0.083333    0.629662    0.238095    0.125000    0.227642   -2.961580    0.166667    0.164171   -1.524660    0.208333    0.530174    0.514297    0.250000    0.199080    1.978196
2.18 2.28   14.181938    0.041667    1.184702   -1.318031    0.083333    0.609230    0.313427    0.125000    0.230137   -2.844415    0.166667    0.138091   -1.633022    0.208333    0.531722    0.502929    0.250000    0.181092    1.932263
2.19 2.29   14.172643    0.041667    1.126266   -1.253144    0.083333    0.571743    0.402666    0.125000    0.231652   -2.929722    0.166667    0.102969   -1.580981    0.208333    0.523944    0.582498    0.250000    0.162949    1.984556
2.20 2.30   14.163168    0.041667    1.137446   -1.269170    0.083333    0.613557    0.361713    0.125000    0.209619   -2.785177    0.166667    0.124422   -2.195316    0.208333    0.519347    0.536614    0.250000    0.150624    1.900962
2.21 2.31   14.153508    0.041667    1.109689   -1.327141    0.083333    0.588668    0.326738    0.125000    0.206323   -2.553819    0.166667    0.148069   -2.487674    0.208333    0.522254    0.477609    0.250000    0.154722    1.960417
2.22 2.32   14.143660    0.041667    1.077468   -1.278552    0.083333    0.564272    0.424955    0.125000    0.222291   -2.516709    0.166667    0.145485   -2.544541    0.208333    0.529454    0.501422    0.250000    0.159014    2.094228
2.23 2.33   14.133621    0.041667    1.053331   -1.259326    0.083333    0.572462    0.451317    0.125000    0.167538   -2.566305    0.166667    0.161702   -2.731707    0.208333    0.524579    0.531493    0.250000    0.161514    2.053726
2.24 2.34   14.123387    0.041667    1.031918   -1.298837    0.083333    0.594806    0.432000    0.125000    0.153827   -2.404778    0.166667    0.209616   -2.851118    0.208333    0.523086    0.474270    0.250000    0.192607    2.115880
2.25 2.35   14.112956    0.041667    1.010693   -1.309967    0.083333    0.612367    0.533943    0.125000    0.209360   -2.407082    0.166667    0.224175   -2.839863    0.208333    0.533863    0.437355    0.250000    0.188403    2.177569
2.26 2.36   14.102324    0.041667    0.981123   -1.277269    0.083333    0.601617    0.599323    0.125000    0.201869   -2.482421    0.166667    0.233159   -2.902542    0.208333    0.538075    0.494679    0.250000    0.166371    2.299203
2.27 2.37   14.091487    0.041667    0.961660   -1.259802    0.083333    0.589264    0.570988    0.125000    0.162494   -2.533731    0.166667    0.260889   -3.029234    0.208333    0.485439    0.476405    0.250000    0.151270    2.490813
2.28 2.38   14.080442    0.041667    0.959138   -1.311442    0.083333    0.604948    0.522998    0.125000    0.168049   -2.447786    0.166667    0.301421   -2.938632    0.208333    0.512976    0.421476    0.250000    0.179964    2.467205
2.29 2.39   14.069186    0.041667    0.940290   -1.306984    0.083333    0.607533    0.546750    0.125000    0.179976   -2.373741    0.166667    0.326300   -2.914828    0.208333    0.523009    0.334215    0.250000    0.194858    2.521654
2.30 2.40   14.057714    0.041667    0.884266   -1.287072    0.083333    0.567149    0.621126    0.125000    0.147158   -2.363752    0.166667    0.304179   -3.052705    0.208333    0.532935    0.379596    0.250000    0.212072    2.576527
2.31 2.41   14.046023    0.041667    0.877239   -1.234544    0.083333    0.572219    0.639960    0.125000    0.105139   -2.518545    0.166667    0.302547   -3.067624    0.208333    0.510258    0.391868    0.250000    0.234811    2.550333
2.32 2.42   14.034110    0.041667    0.866940   -1.275549    0.083333    0.574063    0.593290    0.125000    0.098629   -2.365129    0.166667    0.335549   -3.046374    0.208333    0.502053    0.378572    0.250000    0.220721    2.481124
2.33 2.43   14.021970    0.041667    0.845646   -1.267525    0.083333    0.560226    0.670899    0.125000    0.137265   -2.400817    0.166667    0.353224   -3.088680    0.208333    0.493835    0.323577    0.250000    0.237834    2.503608
2.34 2.44   14.009601    0.041667    0.806807   -1.202317    0.083333    0.533126    0.773324    0.125000    0.126671   -2.556251    0.166667    0.362966   -3.151917    0.208333    0.488301    0.357926    0.250000    0.227865    2.582065
2.35 2.45   13.996997    0.041667    0.785983   -1.167507    0.083333    0.484659    0.641587    0.125000    0.060074   -2.539427    0.166667    0.366943   -3.171524    0.208333    0.439647    0.368509    0.250000    0.225700    2.514364
2.36 2.46   13.984157    0.041667    0.773395   -1.141566    0.083333    0.482055    0.665199    0.125000    0.058631   -2.082804    0.166667    0.367962   -3.176013    0.208333    0.420118    0.374700    0.250000    0.232561    2.431962
2.37 2.47   13.971074    0.041667    0.738368   -1.103976    0.083333    0.486259    0.825634    0.125000    0.086008   -2.290060    0.166667    0.380934   -3.152403    0.208333    0.439668    0.318988    0.250000    0.215885    2.438382
2.38 2.48   13.957746    0.041667    0.709347   -1.128628    0.083333    0.461981    0.844233    0.125000    0.064492   -2.574787    0.166667    0.374105   -3.182994    0.208333    0.408779    0.306321    0.250000    0.192232    2.511476
2.39 2.49   13.944169    0.041667    0.704353   -1.144110    0.083333    0.439218    0.714177    0.125000    0.028647   -3.116975    0.166667    0.380467   -3.225546    0.208333    0.377447    0.328570    0.250000    0.184224    2.506067
2.40 2.50   13.930339    0.041667    0.700742   -1.151336    0.083333    0.446723    0.599645    0.125000    0.023540   -2.348271    0.166667    0.399744   -3.165763    0.208333    0.361572    0.226616    0.250000    0.154224    2.628938
2.41 2.51   13.916251    0.041667    0.675356   -1.111023    0.083333    0.443536    0.683892    0.125000    0.061563   -2.305586    0.166667    0.406166   -3.124216    0.208333    0.392673    0.135332    0.250000    0.145733    2.711914
2.42 2.52   13.901902    0.041667    0.637550   -1.036610    0.083333    0.464974    0.808032    0.125000    0.045303   -2.719366    0.166667    0.407044   -3.196794    0.208333    0.384855    0.093439    0.250000    0.157565    2.698657
2.43 2.53   13.887288    0.041667    0.605703   -1.005619    0.083333    0.417291    0.728786    0.125000    0.017392   -4.350284    0.166667    0.412315   -3.202626    0.208333    0.363748    0.120644    0.250000    0.156838    2.800603
2.44 2.54   13.872404    0.041667    0.597648   -1.030070    0.083333    0.418882    0.563713    0.125000    0.030472   -5.710768    0.166667    0.431866   -3.192623    0.208333    0.345731    0.096373    0.250000    0.162317    2.815135
2.45 2.55   13.857246    0.041667    0.571594   -1.019045    0.083333    0.447152    0.642106    0.125000    0.030086   -6.740324    0.166667    0.441231   -3.166943    0.208333    0.362583    0.081476    0.250000    0.184185    2.930063
2.46 2.56   13.841811    0.041667    0.551974   -1.028891    0.083333    0.446052    0.679737    0.125000    0.015487   -7.839430    0.166667    0.455709   -3.197701    0.208333    0.392177    0.038114    0.250000    0.173790    2.924582
2.47 2.57   13.826093    0.041667    0.518098   -1.004374    0.083333    0.407757    0.657887    0.125000    0.058396   -5.619457    0.166667    0.444527   -3.245815    0.208333    0.364519    0.096426    0.250000    0.195947    2.941670
2.48 2.58   13.810089    0.041667    0.507097   -0.931269    0.083333    0.408235    0.649662    0.125000    0.076855   -5.731911    0.166667    0.444083   -3.292165    0.208333    0.362542    0.110938    0.250000    0.206679    2.817132
2.49 2.59   13.793795    0.041667    0.488176   -0.912396    0.083333    0.405505    0.675623    0.125000    0.083522   -5.839234    0.166667    0.450137   -3.272899    0.208333    0.377499    0.073740    0.250000    0.197742    2.888079
2.50 2.60   13.777205    0.041667    0.445718   -0.826066    0.083333    0.409272    0.807450    0.125000    0.090231   -5.731949    0.166667    0.455687   -3.275915    0.208333    0.373129    0.078123    0.250000    0.207323    2.847855
2.51 2.61   13.760317    0.041667    0.409466   -0.741087    0.083333    0.395377    0.901737    0.125000    0.139989   -5.500693    0.166667    0.437730   -3.322099    0.208333    0.338331    0.098251    0.250000    0.219181    2.830678
2.52 2.62   13.743125    0.041667    0.408937   -0.709079    0.083333    0.322224    0.766015    0.125000    0.174030   -5.546379    0.166667    0.433659   -3.320474    0.208333    0.324463    0.180290    0.250000    0.219811    2.901622
2.53 2.63   13.725625    0.041667    0.403367   -0.573878    0.083333    0.337176    0.896478    0.125000    0.198615   -5.585842    0.166667    0.397262   -3.284487    0.208333    0.325018    0.232174    0.250000    0.217611    2.865467
2.54 2.64   13.707812    0.041667    0.393693   -0.499067    0.083333    0.373788    0.979186    0.125000    0.177056   -5.548936    0.166667    0.389197   -3.259284    0.208333    0.321282    0.181144    0.250000    0.217945    2.918204
2.55 2.65   13.689684    0.041667    0.343108   -0.488329    0.083333    0.345504    1.002052    0.125000    0.211891   -5.399986    0.166667    0.384622   -3.296790    0.208333    0.325650    0.146286    0.250000    0.208395    2.920756
2.56 2.66   13.671234    0.041667    0.318711   -0.378120    0.083333    0.325774    1.049279    0.125000    0.283760   -5.374194    0.166667    0.361607   -3.296028    0.208333    0.302266    0.135330    0.250000    0.236681    3.004226
2.57 2.67   13.652458    0.041667    0.302345   -0.376639    0.083333    0.304509    0.879536    0.125000    0.288978   -5.323954    0.166667    0.350907   -3.333847    0.208333    0.291158    0.145089    0.250000    0.244769    2.998907
2.58 2.68   13.633353    0.041667    0.310216   -0.332618    0.083333    0.298525    0.886939    0.125000    0.297226   -5.285254    0.166667    0.357092   -3.320640    0.208333    0.284012    0.133925    0.250000    0.241232    3.022378
2.59 2.69   13.613914    0.041667    0.297708   -0.255521    0.083333    0.309544    0.987163    0.125000    0.296003   -5.214849    0.166667    0.350990   -3.400947    0.208333    0.269177    0.122475    0.250000    0.237797    3.004985
2.60 2.70   13.594136    0.041667    0.292474   -0.198235    0.083333    0.288087    1.099824    0.125000    0.336436   -5.124623    0.166667    0.333015   -3.492388    0.208333    0.250827    0.118358    0.250000    0.235001    3.028458
2.61 2.71   13.574014    0.041667    0.293393   -0.203506    0.083333    0.268276    1.050856    0.125000    0.357922   -5.178393    0.166667    0.338233   -3.515526    0.208333    0.264213    0.088260    0.250000    0.236415    3.046485
2.62 2.72   13.553545    0.041667    0.264345   -0.122460    0.083333    0.272510    1.051460    0.125000    0.366065   -5.140337    0.166667    0.318813   -3.508046    0.208333    0.260717    0.003982    0.250000    0.242078    3.076372
2.63 2.73   13.532724    0.041667    0.253200   -0.228433    0.083333    0.256361    0.842911    0.125000    0.355866   -5.141471    0.166667    0.338768   -3.541152    0.208333    0.254833   -0.060223    0.250000    0.244957    3.128670
2.64 2.74   13.511546    0.041667    0.247928   -0.150930    0.083333    0.231039    0.920238    0.125000    0.384449   -5.182236    0.166667    0.315296   -3.578176    0.208333    0.250682   -0.112882    0.250000    0.247681    3.115005
2.65 2.75   13.490007    0.041667    0.293925   -0.067238    0.083333    0.242225    1.099849    0.125000    0.373085   -5.232106    0.166667    0.315868   -3.630867    0.208333    0.242578   -0.107847    0.250000    0.251731    3.162628
2.66 2.76   13.468103    0.041667    0.303055   -0.012850    0.083333    0.245846    1.088994    0.125000    0.367991   -5.263242    0.166667    0.320336   -3.626213    0.208333    0.230540   -0.138404    0.250000    0.243006    3.154730
2.67 2.77   13.445829    0.041667    0.307869    0.048610    0.083333    0.237476    1.088232    0.125000    0.371376   -5.278999    0.166667    0.315022   -3.623475    0.208333    0.221942   -0.219207    0.250000    0.254386    3.149531
2.68 2.78   13.423181    0.041667    0.307069    0.100312    0.083333    0.210056    1.072247    0.125000    0.387658   -5.279922    0.166667    0.310529   -3.635340    0.208333    0.201215   -0.290347    0.250000    0.258614    3.216720
2.69 2.79   13.400154    0.041667    0.362017    0.227483    0.083333    0.198509    1.220247    0.125000    0.417245   -5.376550    0.166667    0.269637   -3.573345    0.208333    0.174542   -0.140689    0.250000    0.270348    3.237370
2.70 2.80   13.376744    0.041667    0.386750    0.258559    0.083333    0.206263    1.208397    0.125000    0.393132   -5.425441    0.166667    0.284775   -3.518597    0.208333    0.169179   -0.209149    0.250000    0.274724    3.211202
2.71 2.81   13.352947    0.041667    0.343159    0.247332    0.083333    0.201425    0.980699    0.125000    0.391622   -5.377568    0.166667    0.276716   -3.499094    0.208333    0.149099   -0.338484    0.250000    0.270329    3.205049
2.72 2.82   13.328758    0.041667    0.355296    0.280841    0.083333    0.221270    1.127388    0.125000    0.400653   -5.398550    0.166667    0.268351   -3.531031    0.208333    0.160368   -0.363695    0.250000    0.270935    3.219724
2.73 2.83   13.304173    0.041667    0.345485    0.328099    0.083333    0.204868    1.127763    0.125000    0.414680   -5.369240    0.166667    0.248489   -3.590008    0.208333    0.153782   -0.455179    0.250000    0.269990    3.246377
2.74 2.84   13.279188    0.041667    0.337496    0.356459    0.083333    0.179456    0.947054    0.125000    0.423391   -5.361276    0.166667    0.230568   -3.677848    0.208333    0.146093   -0.465363    0.250000    0.263420    3.215927
2.75 2.85   13.253799    0.041667    0.321097    0.398231    0.083333    0.174008    0.798497    0.125000    0.431439   -5.305025    0.166667    0.228691   -3.713481    0.208333    0.136460   -0.684841    0.250000    0.261610    3.110340
2.76 2.86   13.228002    0.041667    0.307095    0.373531    0.083333    0.163932    0.733234    0.125000    0.414948   -5.293550    0.166667    0.220776   -3.815957    0.208333    0.150801   -0.748183    0.250000    0.239592    3.097418
2.77 2.87   13.201791    0.041667    0.319498    0.384278    0.083333    0.173279    0.903202    0.125000    0.413092   -5.328899    0.166667    0.208911   -3.822997    0.208333    0.148626   -0.765143    0.250000    0.232117    3.070972
2.78 2.88   13.175165    0.041667    0.323095    0.480899    0.083333    0.177545    0.955093    0.125000    0.429204   -5.315266    0.166667    0.185504   -3.927721    0.208333    0.152136   -0.797003    0.250000    0.224751    3.074944
2.79 2.89   13.148117    0.041667    0.271030    0.476142    0.083333    0.152567    0.648994    0.125000    0.430309   -5.251749    0.166667    0.208630   -3.985840    0.208333    0.172544   -0.921914    0.250000    0.226262    3.024533
2.80 2.90   13.120645    0.041667    0.244283    0.469882    0.083333    0.154353    0.317664    0.125000    0.460754   -5.269858    0.166667    0.187806   -4.109418    0.208333    0.168951   -1.000406    0.250000    0.233154    3.049597
2.81 2.91   13.092745    0.041667    0.283557    0.516081    0.083333    0.140376    0.482210    0.125000    0.437846   -5.320014    0.166667    0.183124   -4.168083    0.208333    0.164114   -0.992068    0.250000    0.226987    3.098655
2.82 2.92   13.064413    0.041667    0.266263    0.515967    0.083333    0.137053    0.501801    0.125000    0.417969   -5.337758    0.166667    0.183490   -4.213376    0.208333    0.167196   -1.169637    0.250000    0.216871    3.033564
2.83 2.93   13.035645    0.041667    0.284917    0.527426    0.083333    0.139201    0.742331    0.125000    0.416677   -5.372550    0.166667    0.192448   -4.200588    0.208333    0.169062   -1.144096    0.250000    0.208542    3.039408
2.84 2.94   13.006437    0.041667    0.302468    0.549365    0.083333    0.081160    0.511117    0.125000    0.418221   -5.374641    0.166667    0.207493   -4.215309    0.208333    0.151418   -1.191381    0.250000    0.216279    3.132708
2.85 2.95   12.976786    0.041667    0.347383    0.649832    0.083333    0.077466    1.101107    0.125000    0.445130   -5.379190    0.166667    0.162639   -4.279466    0.208333    0.116617   -1.109760    0.250000    0.216425    3.228452
2.86 2.96   12.946688    0.041667    0.326134    0.621665    0.083333    0.094163    0.619177    0.125000    0.440454   -5.383851    0.166667    0.149545   -4.254982    0.208333    0.110410   -1.326051    0.250000    0.217950    3.295153
2.87 2.97   12.916141    0.041667    0.279823    0.639186    0.083333    0.093390    0.184882    0.125000    0.446387   -5.317446    0.166667    0.145495   -4.269088    0.208333    0.125950   -1.344569    0.250000    0.208117    3.368482
2.88 2.98   12.885141    0.041667    0.276340    0.620871    0.083333    0.088097    0.430334    0.125000    0.416678   -5.362774    0.166667    0.159571   -4.201046    0.208333    0.133082   -1.458244    0.250000    0.208456    3.330169
2.89 2.99   12.853684    0.041667    0.272668    0.650136    0.083333    0.094232    0.669542    0.125000    0.409788   -5.381988    0.166667    0.170203   -4.249718    0.208333    0.135129   -1.491889    0.250000    0.198270    3.311423
2.90 3.00   12.821768    0.041667    0.269835    0.742175    0.083333    0.110114    0.805472    0.125000    0.420486   -5.381683    0.166667    0.183472   -4.367626    0.208333    0.148828   -1.461623    0.250000    0.194928    3.302064
2.91 3.01   12.789390    0.041667    0.271005    0.770341    0.083333    0.074587    0.214364    0.125000    0.447416   -5.321808    0.166667    0.203996   -4.411531    0.208333    0.142914   -1.530094    0.250000    0.187665    3.280266
2.92 3.02   12.756546    0.041667    0.275833    0.787116    0.083333    0.090490   -0.178184    0.125000    0.466762   -5.271636    0.166667    0.201762   -4.490057    0.208333    0.133554   -1.513987    0.250000    0.183108    3.354080
2.93 3.03   12.723235    0.041667    0.261118    0.841787    0.083333    0.118908   -0.435630    0.125000    0.459002   -5.203842    0.166667    0.193071   -4.547876    0.208333    0.151500   -1.687968    0.250000    0.173356    3.282593
2.94 3.04   12.689453    0.041667    0.246969    0.909629    0.083333    0.125335   -0.016372    0.125000    0.456554   -5.218292    0.166667    0.185913   -4.546567    0.208333    0.154948   -1.723421    0.250000    0.163606    3.212134
2.95 3.05   12.655199    0.041667    0.199090    0.817656    0.083333    0.155292   -0.289484    0.125000    0.439631   -5.234361    0.166667    0.208790   -4.537454    0.208333    0.167250   -1.775242    0.250000    0.150237    3.220647
2.96 3.06   12.620470    0.041667    0.204517    0.905278    0.083333    0.128813   -0.462101    0.125000    0.455602   -5.236382    0.166667    0.222243   -4.576683    0.208333    0.161451   -1.732873    0.250000    0.148273    3.189944
2.97 3.07   12.585264    0.041667    0.225269    0.960674    0.083333    0.103408   -0.316211    0.125000    0.445069   -5.287628    0.166667    0.230888   -4.652689    0.208333    0.142774   -1.770866    0.250000    0.141638    3.089363
2.98 3.08   12.549578    0.041667    0.223965    1.031101    0.083333    0.113725   -0.499504    0.125000    0.458631   -5.238825    0.166667    0.229824   -4.749380    0.208333    0.139662   -1.698640    0.250000    0.138715    3.079423
2.99 3.09   12.513412    0.041667    0.222384    1.034539    0.083333    0.156275   -0.863022    0.125000    0.459430   -5.206334    0.166667    0.229517   -4.764393    0.208333    0.128477   -1.833941    0.250000    0.135432    3.236605
3.00 3.10   12.476763    0.041667    0.250232    1.026535    0.083333    0.127154   -0.994720    0.125000    0.461414   -5.171323    0.166667    0.203139   -4.840571    0.208333    0.101415   -1.971851    0.250000    0.127483    3.332302
3.01 3.11   12.439630    0.041667    0.229699    1.047246    0.083333    0.113036   -0.463008    0.125000    0.442385   -5.210678    0.166667    0.188271   -4.883185    0.208333    0.113561   -1.900473    0.250000    0.112947    3.458097
3.02 3.12   12.402012    0.041667    0.192771    1.100264    0.083333    0.144757   -0.696296    0.125000    0.438125   -5.180252    0.166667    0.188988   -4.825471    0.208333    0.124504   -2.001631    0.250000    0.110267    3.439798
3.03 3.13   12.363908    0.041667    0.174852    1.121994    0.083333    0.136557   -0.684656    0.125000    0.436138   -5.223546    0.166667    0.197931   -4.752113    0.208333    0.113586   -2.090903    0.250000    0.102818    3.557225
3.04 3.14   12.325316    0.041667    0.161718    1.187208    0.083333    0.136699   -0.671450    0.125000    0.442258   -5.194095    0.166667    0.194587   -4.753188    0.208333    0.129077   -2.151531    0.250000    0.100126    3.545795
3.05 3.15   12.286237    0.041667    0.158438    1.363141    0.083333    0.141755   -0.529004    0.125000    0.454120   -5.182562    0.166667    0.206401   -4.744112    0.208333    0.144704   -2.118671    0.250000    0.103756    3.525888
3.06 3.16   12.246669    0.041667    0.169205    1.326560    0.083333    0.166357   -0.650794    0.125000    0.444298   -5.141202    0.166667    0.217390   -4.713607    0.208333    0.155423   -2.231451    0.250000    0.104640    3.359564
3.07 3.17   12.206612    0.041667    0.156895    1.360622    0.083333    0.190411   -0.675459    0.125000    0.457158   -5.121844    0.166667    0.222372   -4.706022    0.208333    0.167693   -2.249446    0.250000    0.115985    3.527608
3.08 3.18   12.166066    0.041667    0.142631    1.342563    0.083333    0.208363   -0.664132    0.125000    0.454316   -5.107711    0.166667    0.221053   -4.715684    0.208333    0.167294   -2.335297    0.250000    0.107492    3.561032
3.09 3.19   12.125032    0.041667    0.124062    1.426709    0.083333    0.199240   -0.521582    0.125000    0.459391   -5.071743    0.166667    0.220830   -4.703334    0.208333    0.170421   -2.343896    0.250000    0.101744    3.570877
3.10 3.20   12.083509    0.041667    0.087102    1.531051    0.083333    0.242853   -0.667521    0.125000    0.458991   -5.035480    0.166667    0.234809   -4.661980    0.208333    0.187621   -2.380432    0.250000    0.090714    3.561249
3.11 3.21   12.041498    0.041667    0.084607    1.530897    0.083333    0.245777   -0.817156    0.125000    0.455708   -4.988257    0.166667    0.239492   -4.665934    0.208333    0.172178   -2.502781    0.250000    0.104232    3.528463
3.12 3.22   11.999000    0.041667    0.096821    1.428429    0.083333    0.214864   -0.748650    0.125000    0.444106   -4.997304    0.166667    0.235461   -4.670153    0.208333    0.170758   -2.573625    0.250000    0.102955    3.544186
3.13 3.23   11.956016    0.041667    0.100894    1.589788    0.083333    0.210602   -0.785656    0.125000    0.447048   -4.988036    0.166667    0.238119   -4.731270    0.208333    0.170656   -2.577271    0.250000    0.101984    3.571661
3.14 3.24   11.912547    0.041667    0.107155    1.585989    0.083333    0.216950   -0.917088    0.125000    0.443769   -4.972265    0.166667    0.246190   -4.764781    0.208333    0.156652   -2.672856    0.250000    0.097564    3.724336
3.15 3.25   11.868595    0.041667    0.128090    1.454934    0.083333    0.179190   -0.880880    0.125000    0.435853   -4.938870    0.166667    0.226874   -4.772682    0.208333    0.150636   -2.768709    0.250000    0.084068    3.685514
3.16 3.26   11.824161    0.041667    0.092992    1.745122    0.083333    0.190923   -0.860276    0.125000    0.442029   -4.921662    0.166667    0.219843   -4.865161    0.208333    0.143995   -2.761831    0.250000    0.069053    3.836925
3.17 3.27   11.779248    0.041667    0.086763    1.718557    0.083333    0.191699   -0.873326    0.125000    0.432574   -4.903352    0.166667    0.217974   -4.879628    0.208333    0.144652   -2.760785    0.250000    0.043756    4.098018
3.18 3.28   11.733858    0.041667    0.097261    1.924991    0.083333    0.185612   -0.858287    0.125000    0.430601   -4.893567    0.166667    0.215488   -4.844709    0.208333    0.143328   -2.701030    0.250000    0.046926    4.302322
3.19 3.29   11.687993    0.041667    0.098567    1.992529    0.083333    0.175812   -0.796703    0.125000    0.427371   -4.896541    0.166667    0.219614   -4.868261    0.208333    0.143886   -2.671488    0.250000    0.036815    4.341323
3.20 3.30   11.641656    0.041667    0.099583    1.987179    0.083333    0.188579   -0.819170    0.125000    0.417515   -4.899292    0.166667    0.219912   -4.829069    0.208333    0.152422   -2.612133    0.250000    0.024254    4.384155
3.21 3.31   11.594851    0.041667    0.099999    2.013336    0.083333    0.189683   -0.827607    0.125000    0.415175   -4.901688    0.166667    0.218035   -4.852435    0.208333    0.157731   -2.601491    0.250000    0.015552    4.844154
3.22 3.32   11.547580    0.041667    0.098951    2.026829    0.083333    0.190553   -0.879659    0.125000    0.419375   -4.892696    0.166667    0.224644   -4.865500    0.208333    0.141693   -2.554036    0.250000    0.021187    5.492604
3.23 3.33   11.499847    0.041667    0.092368    2.034110    0.083333    0.195932   -0.885417    0.125000    0.415945   -4.862969    0.166667    0.226660   -4.909685    0.208333    0.133558   -2.597057    0.250000    0.019919    5.452230
3.24 3.34   11.451656    0.041667    0.079333    2.106613    0.083333    0.200744   -0.835160    0.125000    0.413651   -4.852772    0.166667    0.227018   -4.895743    0.208333    0.135631   -2.545060    0.250000    0.022659    5.435946
3.25 3.35   11.403012    0.041667    0.059842    2.465405    0.083333    0.242382   -0.943213    0.125000    0.408440   -4.879031    0.166667    0.240646   -4.935233    0.208333    0.132067   -2.576484    0.250000    0.028001    5.337193
3.26 3.36   11.353918    0.041667    0.066311    2.126109    0.083333    0.224064   -0.911852    0.125000    0.400780   -4.886300    0.166667    0.242906   -4.924967    0.208333    0.126352   -2.572834    0.250000    0.040984    5.078039
3.27 3.37   11.304380    0.041667    0.061652    2.137320    0.083333    0.235045   -0.945900    0.125000    0.393025   -4.875330    0.166667    0.243150   -4.923094    0.208333    0.127095   -2.618551    0.250000    0.036469    5.000136
3.28 3.38   11.254402    0.041667    0.063029    2.166257    0.083333    0.229157   -1.027931    0.125000    0.389869   -4.890169    0.166667    0.251588   -4.962152    0.208333    0.118690   -2.731402    0.250000    0.042190    5.081073
3.29 3.39   11.203990    0.041667    0.076723    2.015658    0.083333    0.185913   -0.980872    0.125000    0.384413   -4.890658    0.166667    0.238809   -4.974227    0.208333    0.109365   -2.771612    0.250000    0.050257    5.473648
3.30 3.40   11.153150    0.041667    0.067707    2.421518    0.083333    0.194409   -0.961002    0.125000    0.388820   -4.915244    0.166667    0.248515   -5.057314    0.208333    0.094942   -2.814939    0.250000    0.059621    5.530340
3.31 3.41   11.101886    0.041667    0.081596    2.512618    0.083333    0.190502   -0.952598    0.125000    0.389805   -4.918983    0.166667    0.247535   -5.037891    0.208333    0.092592   -2.801198    0.250000    0.068326    5.640808
3.32 3.42   11.050207    0.041667    0.098117    2.653639    0.083333    0.190413   -0.910926    0.125000    0.380217   -4.929714    0.166667    0.251532   -5.048157    0.208333    0.090441   -2.835135    0.250000    0.075107    5.647211
3.33 3.43   10.998117    0.041667    0.117066    2.641838    0.083333    0.187138   -0.832909    0.125000    0.378992   -4.937068    0.166667    0.252904   -5.039521    0.208333    0.095216   -2.794772    0.250000    0.078578    5.700324
3.34 3.44   10.945624    0.041667    0.125815    2.663607    0.083333    0.199137   -0.907707    0.125000    0.373088   -4.899582    0.166667    0.254484   -5.031200    0.208333    0.098626   -2.774678    0.250000    0.075225    5.857133
3.35 3.45   10.892734    0.041667    0.138562    2.636555    0.083333    0.196063   -0.863326    0.125000    0.366542   -4.889240    0.166667    0.255269   -5.025766    0.208333    0.090590   -2.864824    0.250000    0.082401    5.933308
3.36 3.46   10.839456    0.041667    0.161511    2.683840    0.083333    0.203979   -0.867315    0.125000    0.375002   -4.900544    0.166667    0.254047   -5.055861    0.208333    0.086715   -2.932452    0.250000    0.094052    5.991677
3.37 3.47   10.785796    0.041667    0.179104    2.718302    0.083333    0.191307   -0.823178    0.125000    0.380094   -4.888472    0.166667    0.261465   -5.046311    0.208333    0.072948   -3.008449    0.250000    0.103765    5.978364
3.38 3.48   10.731763    0.041667    0.174194    2.775461    0.083333    0.203945   -0.810331    0.125000    0.372065   -4.868673    0.166667    0.263425   -5.015270    0.208333    0.068983   -2.983857    0.250000    0.115851    6.003994
3.39 3.49   10.677364    0.041667    0.178740    2.819293    0.083333    0.237383   -0.877603    0.125000    0.361986   -4.860910    0.166667    0.273665   -5.017129    0.208333    0.063599   -3.048052    0.250000    0.112318    5.968463
3.40 3.50   10.622608    0.041667    0.187117    2.758571    0.083333    0.215422   -0.896497    0.125000    0.346782   -4.840797    0.166667    0.274507   -4.989414    0.208333    0.050154   -3.226710    0.250000    0.118578    5.888982
3.41 3.51   10.567504    0.041667    0.177888    2.795781    0.083333    0.234745   -1.000441    0.125000    0.331176   -4.828214    0.166667    0.283787   -4.973666    0.208333    0.047210   -3.438031    0.250000    0.122995    5.836594
3.42 3.52   10.512061    0.041667    0.195406    2.709033    0.083333    0.207774   -0.928223    0.125000    0.332389   -4.784425    0.166667    0.273787   -4.954675    0.208333    0.043937   -3.697538    0.250000    0.137937    5.846779
3.43 3.53   10.456288    0.041667    0.182719    2.847313    0.083333    0.207122   -0.939931    0.125000    0.332618   -4.753592    0.166667    0.280738   -4.962864    0.208333    0.040389   -4.118486    0.250000    0.147787    5.946992
3.44 3.54   10.400194    0.041667    0.179303    2.888486    0.083333    0.210551   -0.917894    0.125000    0.328188   -4.754254    0.166667    0.280749   -4.962071    0.208333    0.045917   -4.413051    0.250000    0.158326    5.952220
3.45 3.55   10.343789    0.041667    0.179919    2.944782    0.083333    0.216320   -0.964711    0.125000    0.322840   -4.724276    0.166667    0.283168   -4.947925    0.208333    0.046903   -4.453164    0.250000    0.159636    5.934345
3.46 3.56   10.287083    0.041667    0.181455    3.002843    0.083333    0.202507   -0.981985    0.125000    0.312679   -4.693945    0.166667    0.285511   -4.908501    0.208333    0.048518   -4.558970    0.250000    0.158584    5.931308
3.47 3.57   10.230087    0.041667    0.184303    3.033909    0.083333    0.210216   -1.044258    0.125000    0.310809   -4.669802    0.166667    0.279452   -4.909794    0.208333    0.046708   -4.542043    0.250000    0.156089    5.971209
3.48 3.58   10.172810    0.041667    0.183679    3.042568    0.083333    0.202213   -1.020633    0.125000    0.309482   -4.676349    0.166667    0.285156   -4.921249    0.208333    0.060865   -4.573531    0.250000    0.155730    5.956302
3.49 3.59   10.115263    0.041667    0.186275    3.119785    0.083333    0.203397   -1.023979    0.125000    0.309025   -4.689438    0.166667    0.285569   -4.906386    0.208333    0.064016   -4.624351    0.250000    0.155898    5.964951
3.50 3.60   10.057458    0.041667    0.191400    3.141168    0.083333    0.204618   -1.040635    0.125000    0.305154   -4.666785    0.166667    0.282786   -4.913858    0.208333    0.074656   -4.604328    0.250000    0.161007    6.032623
3.51 3.61    9.999405    0.041667    0.205922    3.133939    0.083333    0.184295   -0.967381    0.125000    0.305462   -4.649348    0.166667    0.274565   -4.907679    0.208333    0.080647   -4.683020    0.250000    0.162220    6.101496
3.52 3.62    9.941116    0.041667    0.193580    3.241502    0.083333    0.199343   -1.022702    0.125000    0.302265   -4.690563    0.166667    0.282185   -4.953596    0.208333    0.079205   -4.724346    0.250000    0.156963    6.095742
3.53 3.63    9.882603    0.041667    0.193696    3.192380    0.083333    0.206150   -1.032987    0.125000    0.290512   -4.684952    0.166667    0.275388   -4.936822    0.208333    0.084791   -4.805286    0.250000    0.151815    6.030581
3.54 3.64    9.823876    0.041667    0.201920    3.210772    0.083333    0.204965   -1.041304    0.125000    0.281747   -4.698442    0.166667    0.285918   -4.954839    0.208333    0.091119   -4.939360    0.250000    0.152580    6.059466
3.55 3.65    9.764948    0.041667    0.221267    3.144857    0.083333    0.174888   -0.967892    0.125000    0.289898   -4.681824    0.166667    0.275459   -4.930271    0.208333    0.091161   -5.039099    0.250000    0.161319    6.044220
3.56 3.66    9.705830    0.041667    0.218314    3.215847    0.083333    0.178848   -0.975895    0.125000    0.294906   -4.697176    0.166667    0.278512   -4.972685    0.208333    0.107083   -5.029937    0.250000    0.161563    6.110788
3.57 3.67    9.646536    0.041667    0.220969    3.277359    0.083333    0.176244   -0.962215    0.125000    0.283597   -4.699347    0.166667    0.276728   -4.965773    0.208333    0.112519   -5.106881    0.250000    0.168053    6.108596
3.58 3.68    9.587078    0.041667    0.227294    3.303332    0.083333    0.176879   -1.000605    0.125000    0.284783   -4.659814    0.166667    0.270537   -4.957988    0.208333    0.112598   -5.185408    0.250000    0.173893    6.167596
3.59 3.69    9.527467    0.041667    0.230594    3.323997    0.083333    0.165165   -1.046620    0.125000    0.288728   -4.632577    0.166667    0.267669   -4.969265    0.208333    0.115913   -5.260958    0.250000    0.178537    6.172410
3.60 3.70    9.467716    0.041667    0.219201    3.357616    0.083333    0.174750   -1.035098    0.125000    0.289024   -4.628563    0.166667    0.269121   -4.959226    0.208333    0.116185   -5.358453    0.250000    0.170694    6.175148
3.61 3.71    9.407839    0.041667    0.215174    3.402513    0.083333    0.175993   -1.043833    0.125000    0.295000   -4.631724    0.166667    0.271019   -4.947351    0.208333    0.118080   -5.415576    0.250000    0.174591    6.177538
3.62 3.72    9.347849    0.041667    0.217178    3.465264    0.083333    0.178280   -1.081151    0.125000    0.289391   -4.599590    0.166667    0.268182   -4.899069    0.208333    0.126187   -5.385801    0.250000    0.175224    6.241007
3.63 3.73    9.287757    0.041667    0.224627    3.502971    0.083333    0.164902   -1.109671    0.125000    0.288037   -4.590131    0.166667    0.264821   -4.884283    0.208333    0.132697   -5.393806    0.250000    0.185054    6.249151
3.64 3.74    9.227577    0.041667    0.216751    3.539871    0.083333    0.154684   -1.157261    0.125000    0.286879   -4.567762    0.166667    0.255476   -4.870986    0.208333    0.135575   -5.391551    0.250000    0.189285    6.222219
3.65 3.75    9.167323    0.041667    0.207607    3.649057    0.083333    0.164812   -1.181072    0.125000    0.276785   -4.566963    0.166667    0.263803   -4.897156    0.208333    0.143005   -5.379763    0.250000    0.188987    6.242110
3.66 3.76    9.107007    0.041667    0.206192    3.662039    0.083333    0.166418   -1.268403    0.125000    0.266521   -4.518217    0.166667    0.260176   -4.854703    0.208333    0.146696   -5.407232    0.250000    0.189822    6.237020
3.67 3.77    9.046644    0.041667    0.213216    3.629489    0.083333    0.153176   -1.233106    0.125000    0.264504   -4.491044    0.166667    0.258755   -4.855762    0.208333    0.152283   -5.488376    0.250000    0.190166    6.221813
3.68 3.78    8.986245    0.041667    0.213867    3.645679    0.083333    0.129593   -1.217777    0.125000    0.261637   -4.493129    0.166667    0.256464   -4.887801    0.208333    0.160352   -5.504136    0.250000    0.186755    6.251173
3.69 3.79    8.925824    0.041667    0.214515    3.661133    0.083333    0.130391   -1.177548    0.125000    0.252261   -4.484378    0.166667    0.251237   -4.871116    0.208333    0.160110   -5.490274    0.250000    0.187644    6.274588
3.70 3.80    8.865395    0.041667    0.226359    3.655129    0.083333    0.121088   -1.231527    0.125000    0.249810   -4.475904    0.166667    0.254078   -4.860793    0.208333    0.167234   -5.475605    0.250000    0.192788    6.278255
3.71 3.81    8.804972    0.041667    0.227046    3.643322    0.083333    0.121115   -1.266594    0.125000    0.240947   -4.441043    0.166667    0.252642   -4.888937    0.208333    0.181192   -5.489237    0.250000    0.196246    6.289524
3.72 3.82    8.744566    0.041667    0.229491    3.615089    0.083333    0.125786   -1.365836    0.125000    0.242347   -4.454919    0.166667    0.256832   -4.908666    0.208333    0.185946   -5.541965    0.250000    0.201653    6.297219
3.73 3.83    8.684193    0.041667    0.228250    3.634304    0.083333    0.130497   -1.358360    0.125000    0.239541   -4.425055    0.166667    0.258199   -4.904467    0.208333    0.188861   -5.535452    0.250000    0.198646    6.310997
3.74 3.84    8.623864    0.041667    0.243917    3.613775    0.083333    0.130202   -1.338701    0.125000    0.237653   -4.395077    0.166667    0.253973   -4.906699    0.208333    0.195283   -5.572274    0.250000    0.191221    6.365186
3.75 3.85    8.563594    0.041667    0.249583    3.635870    0.083333    0.135295   -1.314383    0.125000    0.233915   -4.397738    0.166667    0.249033   -4.922050    0.208333    0.207986   -5.625556    0.250000    0.187677    6.403106
3.76 3.86    8.503395    0.041667    0.254467    3.638510    0.083333    0.132066   -1.217241    0.125000    0.224915   -4.396875    0.166667    0.244375   -4.924842    0.208333    0.216222   -5.672569    0.250000    0.185051    6.420243
3.77 3.87    8.443281    0.041667    0.252530    3.682278    0.083333    0.134080   -1.237566    0.125000    0.221387   -4.430614    0.166667    0.239255   -4.937760    0.208333    0.219453   -5.632160    0.250000    0.185770    6.451126
3.78 3.88    8.383265    0.041667    0.254562    3.709874    0.083333    0.144770   -1.239753    0.125000    0.215331   -4.431612    0.166667    0.238210   -4.933365    0.208333    0.226204   -5.645821    0.250000    0.187314    6.481424
3.79 3.89    8.323359    0.041667    0.260521    3.688988    0.083333    0.136767   -1.160893    0.125000    0.218000   -4.444836    0.166667    0.237877   -4.971144    0.208333    0.239717   -5.678642    0.250000    0.188848    6.503940
3.80 3.90    8.263577    0.041667    0.263399    3.694630    0.083333    0.124364   -1.140065    0.125000    0.222062   -4.464053    0.166667    0.232832   -5.007302    0.208333    0.244981   -5.683678    0.250000    0.187205    6.513237
3.81 3.91    8.203931    0.041667    0.272898    3.713947    0.083333    0.127656   -1.145652    0.125000    0.221265   -4.499287    0.166667    0.227916   -5.005676    0.208333    0.237802   -5.685581    0.250000    0.176698    6.550524
3.82 3.92    8.144435    0.041667    0.275591    3.732828    0.083333    0.123016   -1.047074    0.125000    0.214386   -4.493916    0.166667    0.226665   -5.020151    0.208333    0.244551   -5.674843    0.250000    0.165752    6.552065
3.83 3.93    8.085100    0.041667    0.283089    3.715275    0.083333    0.120207   -1.043339    0.125000    0.214858   -4.535727    0.166667    0.222556   -5.062313    0.208333    0.254786   -5.701513    0.250000    0.165779    6.573565
3.84 3.94    8.025939    0.041667    0.279579    3.742650    0.083333    0.119325   -1.021999    0.125000    0.216768   -4.621921    0.166667    0.227377   -5.098115    0.208333    0.265566   -5.724736    0.250000    0.156394    6.543461
3.85 3.95    7.966964    0.041667    0.275892    3.743311    0.083333    0.112810   -0.980743    0.125000    0.213389   -4.632080    0.166667    0.229547   -5.110970    0.208333    0.267237   -5.714173    0.250000    0.153566    6.511765
3.86 3.96    7.908187    0.041667    0.277834    3.729943    0.083333    0.101825   -0.967594    0.125000    0.220515   -4.653257    0.166667    0.227695   -5.131890    0.208333    0.269181   -5.706609    0.250000    0.148865    6.472690
3.87 3.97    7.849621    0.041667    0.273510    3.735711    0.083333    0.104165   -0.960536    0.125000    0.218832   -4.663929    0.166667    0.222689   -5.125713    0.208333    0.275698   -5.686042    0.250000    0.136709    6.487654
3.88 3.98    7.791277    0.041667    0.274687    3.726577    0.083333    0.092311   -0.970458    0.125000    0.222860   -4.671029    0.166667    0.219821   -5.129083    0.208333    0.275301   -5.680524    0.250000    0.127080    6.474792
3.89 3.99    7.733166    0.041667    0.273589    3.771830    0.083333    0.102638   -1.124912    0.125000    0.215343   -4.699460    0.166667    0.223267   -5.132624    0.208333    0.280715   -5.654415    0.250000    0.116874    6.489855
3.90 4.00    7.675300    0.041667    0.275689    3.796124    0.083333    0.105726   -1.002339    0.125000    0.199360   -4.726069    0.166667    0.220814   -5.142116    0.208333    0.293190   -5.685956    0.250000    0.116829    6.526801
3.91 4.01    7.617690    0.041667    0.299848    3.791628    0.083333    0.093691   -0.944978    0.125000    0.195045   -4.720036    0.166667    0.217336   -5.143959    0.208333    0.302644   -5.710520    0.250000    0.113382    6.497266
3.92 4.02    7.560348    0.041667    0.298245    3.812482    0.083333    0.100427   -0.883592    0.125000    0.187542   -4.732178    0.166667    0.210087   -5.201351    0.208333    0.302223   -5.747138    0.250000    0.101454    6.493023
3.93 4.03    7.503282    0.041667    0.292751    3.854293    0.083333    0.098641   -0.735553    0.125000    0.179942   -4.775818    0.166667    0.206382   -5.216366    0.208333    0.310993   -5.759554    0.250000    0.100286    6.477638
3.94 4.04    7.446505    0.041667    0.295095    3.881944    0.083333    0.098488   -0.795441    0.125000    0.177640   -4.715010    0.166667    0.199612   -5.223325    0.208333    0.312762   -5.742907    0.250000    0.104847    6.491572
3.95 4.05    7.390027    0.041667    0.290133    3.882909    0.083333    0.105322   -0.920626    0.125000    0.184381   -4.736141    0.166667    0.187630   -5.254064    0.208333    0.321197   -5.737845    0.250000    0.104167    6.585448
3.96 4.06    7.333857    0.041667    0.293493    3.904839    0.083333    0.099768   -0.874695    0.125000    0.173685   -4.755454    0.166667    0.186681   -5.287964    0.208333    0.330024   -5.741078    0.250000    0.097002    6.610952
3.97 4.07    7.278006    0.041667    0.306445    3.932288    0.083333    0.098518   -0.845067    0.125000    0.169557   -4.753339    0.166667    0.181065   -5.294531    0.208333    0.334420   -5.766724    0.250000    0.092994    6.672082
3.98 4.08    7.222482    0.041667    0.309794    3.943880    0.083333    0.102169   -0.762647    0.125000    0.153296   -4.752964    0.166667    0.170979   -5.277753    0.208333    0.342854   -5.776194    0.250000    0.089094    6.720336
3.99 4.09    7.167295    0.041667    0.307212    3.941734    0.083333    0.094803   -0.678473    0.125000    0.151529   -4.718567    0.166667    0.158092   -5.300695    0.208333    0.345156   -5.784572    0.250000    0.088785    6.692858
4.00 4.10    7.112455    0.041667    0.302095    3.957879    0.083333    0.099917   -0.805903    0.125000    0.154769   -4.679513    0.166667    0.152524   -5.265608    0.208333    0.343071   -5.751391    0.250000    0.081043    6.753042
4.01 4.11    7.057969    0.041667    0.282648    3.990175    0.083333    0.111607   -0.662739    0.125000    0.142017   -4.727833    0.166667    0.152778   -5.300169    0.208333    0.348113   -5.741454    0.250000    0.084105    6.883345
4.02 4.12    7.003847    0.041667    0.299220    3.979850    0.083333    0.110913   -0.604788    0.125000    0.143425   -4.711723    0.166667    0.142238   -5.173095    0.208333    0.353591   -5.709847    0.250000    0.093096    6.926806
4.03 4.13    6.950096    0.041667    0.303310    3.958169    0.083333    0.113626   -0.634369    0.125000    0.140224   -4.698075    0.166667    0.130531   -5.148117    0.208333    0.349398   -5.709064    0.250000    0.092960    7.062151
4.04 4.14    6.896725    0.041667    0.301152    3.943612    0.083333    0.118398   -0.557395    0.125000    0.137819   -4.740879    0.166667    0.120687   -5.145049    0.208333    0.343257   -5.703458    0.250000    0.092233    7.132511
4.05 4.15    6.843741    0.041667    0.312339    3.956261    0.083333    0.120227   -0.502225    0.125000    0.128991   -4.724710    0.166667    0.122443   -5.150587    0.208333    0.341479   -5.722014    0.250000    0.086924    7.124613
4.06 4.16    6.791152    0.041667    0.305742    3.936349    0.083333    0.133785   -0.562454    0.125000    0.131582   -4.754790    0.166667    0.118023   -5.099374    0.208333    0.345819   -5.749881    0.250000    0.094589    7.233363
4.07 4.17    6.738964    0.041667    0.297744    3.921017    0.083333    0.136012   -0.474465    0.125000    0.120158   -4.764781    0.166667    0.115524   -5.112815    0.208333    0.346357   -5.754595    0.250000    0.097235    7.192124
4.08 4.18    6.687185    0.041667    0.288588    3.925708    0.083333    0.142811   -0.462186    0.125000    0.129234   -4.762339    0.166667    0.113702   -5.112137    0.208333    0.347285   -5.750834    0.250000    0.094702    7.134624
4.09 4.19    6.635820    0.041667    0.282350    3.938437    0.083333    0.144910   -0.487163    0.125000    0.125036   -4.709954    0.166667    0.116450   -5.062261    0.208333    0.348917   -5.739183    0.250000    0.097541    7.191602
4.10 4.20    6.584877    0.041667    0.288314    3.928694    0.083333    0.150131   -0.444951    0.125000    0.117950   -4.751730    0.166667    0.110483   -5.117463    0.208333    0.342368   -5.771636    0.250000    0.095739    7.227056
4.11 4.21    6.534362    0.041667    0.298778    3.938865    0.083333    0.150730   -0.490218    0.125000    0.115684   -4.743500    0.166667    0.101161   -5.072590    0.208333    0.344295   -5.759628    0.250000    0.091336    7.244984
4.12 4.22    6.484279    0.041667    0.289305    3.948120    0.083333    0.151983   -0.369308    0.125000    0.110758   -4.795769    0.166667    0.099370   -5.272400    0.208333    0.349952   -5.775810    0.250000    0.094313    7.262117
4.13 4.23    6.434634    0.041667    0.290458    3.963631    0.083333    0.150756   -0.445192    0.125000    0.117573   -4.724154    0.166667    0.094132   -5.218970    0.208333    0.347397   -5.740869    0.250000    0.089715    7.298357
4.14 4.24    6.385432    0.041667    0.296829    3.971749    0.083333    0.150151   -0.420450    0.125000    0.107559   -4.723261    0.166667    0.095640   -5.213220    0.208333    0.351228   -5.749674    0.250000    0.086141    7.386052
4.15 4.25    6.336679    0.041667    0.305122    3.968447    0.083333    0.150949   -0.352200    0.125000    0.105656   -4.795614    0.166667    0.089332   -5.156267    0.208333    0.352211   -5.741730    0.250000    0.086252    7.478665
4.16 4.26    6.288379    0.041667    0.304882    3.981627    0.083333    0.152979   -0.403598    0.125000    0.106960   -4.699798    0.166667    0.078442   -5.175891    0.208333    0.347316   -5.718648    0.250000    0.084289    7.406772
4.17 4.27    6.240535    0.041667    0.301418    3.991577    0.083333    0.151597   -0.422622    0.125000    0.105259   -4.758464    0.166667    0.076286   -5.196841    0.208333    0.347957   -5.716397    0.250000    0.080218    7.404536
4.18 4.28    6.193152    0.041667    0.317423    3.984452    0.083333    0.145852   -0.375124    0.125000    0.090210   -4.790378    0.166667    0.070304   -5.245948    0.208333    0.345432   -5.711692    0.250000    0.083009    7.589720
4.19 4.29    6.146234    0.041667    0.331693    3.981347    0.083333    0.153930   -0.308950    0.125000    0.083599   -4.909847    0.166667    0.061050   -5.297165    0.208333    0.343513   -5.719986    0.250000    0.077822    7.736084
4.20 4.30    6.099784    0.041667    0.327136    3.971790    0.083333    0.145178   -0.284705    0.125000    0.084900   -4.885592    0.166667    0.054912   -5.357968    0.208333    0.338029   -5.705013    0.250000    0.075521    7.711990
4.21 4.31    6.053805    0.041667    0.318103    3.967771    0.083333    0.135899   -0.228551    0.125000    0.083890   -4.847955    0.166667    0.055370   -5.505131    0.208333    0.338520   -5.698067    0.250000    0.074834    7.661144
4.22 4.32    6.008300    0.041667    0.317465    3.985136    0.083333    0.138528   -0.192176    0.125000    0.072695   -4.872215    0.166667    0.046231   -5.448731    0.208333    0.338760   -5.676447    0.250000    0.075996    7.725793
4.23 4.33    5.963272    0.041667    0.322196    3.992299    0.083333    0.144176   -0.124361    0.125000    0.063568   -4.948800    0.166667    0.042322   -5.498950    0.208333    0.339748   -5.677389    0.250000    0.082890    7.758303
4.24 4.34    5.918722    0.041667    0.314541    3.994040    0.083333    0.148999   -0.098056    0.125000    0.063171   -4.918226    0.166667    0.040385   -5.599825    0.208333    0.335957   -5.674676    0.250000    0.079723    7.730219
4.25 4.35    5.874654    0.041667    0.312061    3.992271    0.083333    0.151629   -0.073645    0.125000    0.053938   -4.911339    0.166667    0.035936   -5.706137    0.208333    0.326850   -5.656928    0.250000    0.082737    7.801821
4.26 4.36    5.831068    0.041667    0.316834    3.997175    0.083333    0.150771    0.003034    0.125000    0.046014   -4.950981    0.166667    0.031400   -5.938130    0.208333    0.322069   -5.653860    0.250000    0.084162    7.858831
4.27 4.37    5.787967    0.041667    0.316896    4.017954    0.083333    0.155095    0.000568    0.125000    0.040240   -5.048253    0.166667    0.028553   -6.119510    0.208333    0.316492   -5.660033    0.250000    0.089780    7.909553
4.28 4.38    5.745352    0.041667    0.311240    4.037992    0.083333    0.156864    0.009157    0.125000    0.035397   -5.161527    0.166667    0.027014   -6.377823    0.208333    0.309982   -5.652568    0.250000    0.089122    7.931030
4.29 4.39    5.703223    0.041667    0.305368    4.046000    0.083333    0.157126    0.032415    0.125000    0.031592   -5.146018    0.166667    0.027509   -6.653870    0.208333    0.303697   -5.635156    0.250000    0.092808    7.973314
4.30 4.40    5.661582    0.041667    0.303181    4.073509    0.083333    0.165527    0.065271    0.125000    0.024328   -5.421221    0.166667    0.029338   -6.679670    0.208333    0.305318   -5.630217    0.250000    0.095204    7.977572
4.31 4.41    5.620430    0.041667    0.303360    4.086227    0.083333    0.173847    0.080457    0.125000    0.022203   -5.790347    0.166667    0.031361   -6.920414    0.208333    0.296583   -5.613311    0.250000    0.097143    8.039322
4.32 4.42    5.579766    0.041667    0.304473    4.095038    0.083333    0.170700    0.062243    0.125000    0.024878   -5.589391    0.166667    0.033606   -6.970363    0.208333    0.290905   -5.615954    0.250000    0.095488    7.995128
4.33 4.43    5.539591    0.041667    0.302486    4.118624    0.083333    0.174001    0.112842    0.125000    0.024545   -5.773498    0.166667    0.042661   -7.019807    0.208333    0.283392   -5.635050    0.250000    0.088530    8.007595
4.34 4.44    5.499906    0.041667    0.312007    4.121279    0.083333    0.176153    0.117067    0.125000    0.025800   -6.328691    0.166667    0.047318   -7.293045    0.208333    0.279363   -5.612810    0.250000    0.082601    8.043883
4.35 4.45    5.460708    0.041667    0.308690    4.098893    0.083333    0.180075    0.110751    0.125000    0.028192   -6.331528    0.166667    0.055195   -7.345913    0.208333    0.274471   -5.633597    0.250000    0.083729    7.982805
4.36 4.46    5.421999    0.041667    0.308117    4.126784    0.083333    0.182965    0.169779    0.125000    0.034397   -6.437328    0.166667    0.060225   -7.352175    0.208333    0.269315   -5.626720    0.250000    0.083473    7.949066
4.37 4.47    5.383777    0.041667    0.312246    4.126578    0.083333    0.186251    0.163024    0.125000    0.031042   -6.395998    0.166667    0.067446   -7.383082    0.208333    0.270299   -5.603982    0.250000    0.075217    7.962977
4.38 4.48    5.346042    0.041667    0.308679    4.127653    0.083333    0.189549    0.131040    0.125000    0.029252   -6.319535    0.166667    0.066372   -7.388772    0.208333    0.267386   -5.620990    0.250000    0.073505    7.858814
4.39 4.49    5.308792    0.041667    0.309923    4.127120    0.083333    0.192718    0.179354    0.125000    0.030788   -6.527050    0.166667    0.066409   -7.363400    0.208333    0.264339   -5.607144    0.250000    0.066734    7.759933
4.40 4.50    5.272027    0.041667    0.320499    4.103875    0.083333    0.196366    0.162541    0.125000    0.033739   -6.658855    0.166667    0.069520   -7.430900    0.208333    0.263987   -5.616497    0.250000    0.064338    7.912937
4.41 4.51    5.235744    0.041667    0.320615    4.112180    0.083333    0.191430    0.194133    0.125000    0.025136   -6.664634    0.166667    0.068585   -7.368952    0.208333    0.264743   -5.626744    0.250000    0.061815    7.818475
4.42 4.52    5.199943    0.041667    0.322660    4.113527    0.083333    0.188202    0.135650    0.125000    0.030585   -6.437200    0.166667    0.065593   -7.452260    0.208333    0.258577   -5.602547    0.250000    0.058130    7.967494
4.43 4.53    5.164621    0.041667    0.317803    4.107934    0.083333    0.200390    0.189394    0.125000    0.030432   -6.737864    0.166667    0.060863   -7.395432    0.208333    0.258665   -5.608035    0.250000    0.053061    7.855773
4.44 4.54    5.129777    0.041667    0.313753    4.114209    0.083333    0.194829    0.196556    0.125000    0.025451   -6.604805    0.166667    0.060993   -7.445270    0.208333    0.255016   -5.573593    0.250000    0.054612    7.894289
4.45 4.55    5.095408    0.041667    0.314731    4.132041    0.083333    0.194920    0.135375    0.125000    0.025222   -6.899498    0.166667    0.059677   -7.501993    0.208333    0.257565   -5.557738    0.250000    0.056451    7.759173
4.46 4.56    5.061513    0.041667    0.321026    4.143791    0.083333    0.188407    0.225306    0.125000    0.030582   -6.995737    0.166667    0.053656   -7.431469    0.208333    0.254134   -5.555413    0.250000    0.048142    7.893931
4.47 4.57    5.028089    0.041667    0.324603    4.117362    0.083333    0.191342    0.158735    0.125000    0.029367   -7.050182    0.166667    0.050744   -7.487711    0.208333    0.248134   -5.570302    0.250000    0.057478    7.969921
4.48 4.58    4.995132    0.041667    0.326239    4.115881    0.083333    0.189111    0.238608    0.125000    0.039818   -7.013145    0.166667    0.055597   -7.597836    0.208333    0.243641   -5.511196    0.250000    0.053345    8.042742
4.49 4.59    4.962642    0.041667    0.330429    4.089101    0.083333    0.193660    0.208130    0.125000    0.040826   -7.069210    0.166667    0.050504   -7.517750    0.208333    0.244348   -5.517387    0.250000    0.059735    7.974739
4.50 4.60    4.930615    0.041667    0.327960    4.126353    0.083333    0.191643    0.265287    0.125000    0.036102   -7.156827    0.166667    0.052051   -7.522907    0.208333    0.237692   -5.473252    0.250000    0.054439    8.033329
4.51 4.61    4.899048    0.041667    0.332198    4.094808    0.083333    0.186235    0.198983    0.125000    0.039018   -6.942441    0.166667    0.048107   -7.662906    0.208333    0.221693   -5.462062    0.250000    0.063101    8.187760
4.52 4.62    4.867937    0.041667    0.323165    4.096307    0.083333    0.188421    0.259842    0.125000    0.040470   -7.037235    0.166667    0.056130   -7.518956    0.208333    0.218550   -5.511108    0.250000    0.057429    8.090862
4.53 4.63    4.837281    0.041667    0.327997    4.097836    0.083333    0.184013    0.285669    0.125000    0.043025   -7.102208    0.166667    0.058788   -7.613512    0.208333    0.217680   -5.460967    0.250000    0.064184    8.176278
4.54 4.64    4.807075    0.041667    0.324283    4.075867    0.083333    0.188611    0.248632    0.125000    0.042049   -7.140427    0.166667    0.059888   -7.641523    0.208333    0.207614   -5.491835    0.250000    0.073218    8.154679
4.55 4.65    4.777317    0.041667    0.330690    4.095492    0.083333    0.182284    0.428100    0.125000    0.047983   -7.082690    0.166667    0.060612   -7.534577    0.208333    0.198506   -5.474694    0.250000    0.067824    8.325770
4.56 4.66    4.748003    0.041667    0.330728    4.080142    0.083333    0.188313    0.317000    0.125000    0.043585   -7.081681    0.166667    0.064339   -7.637825    0.208333    0.196514   -5.482722    0.250000    0.074062    8.348899
4.57 4.67    4.719129    0.041667    0.329086    4.083786    0.083333    0.187814    0.354448    0.125000    0.049225   -7.145731    0.166667    0.068755   -7.592729    0.208333    0.192672   -5.459403    0.250000    0.068966    8.308867
4.58 4.68    4.690692    0.041667    0.332829    4.077823    0.083333    0.189759    0.324897    0.125000    0.044744   -7.239318    0.166667    0.067346   -7.584028    0.208333    0.192682   -5.465786    0.250000    0.071046    8.348742
4.59 4.69    4.662687    0.041667    0.333811    4.095708    0.083333    0.189643    0.325041    0.125000    0.040439   -7.242894    0.166667    0.066232   -7.611037    0.208333    0.184312   -5.442707    0.250000    0.068949    8.436301
4.60 4.70    4.635113    0.041667    0.336446    4.075548    0.083333    0.176834    0.306897    0.125000    0.037694   -7.058746    0.166667    0.068676   -7.732473    0.208333    0.180620   -5.461710    0.250000    0.068895    8.429935
4.61 4.71    4.607963    0.041667    0.333749    4.078085    0.083333    0.181528    0.331381    0.125000    0.038780   -7.211937    0.166667    0.071075   -7.630638    0.208333    0.178564   -5.522701    0.250000    0.068158    8.446907
4.62 4.72    4.581235    0.041667    0.337516    4.097535    0.083333    0.178354    0.305445    0.125000    0.040964   -7.279816    0.166667    0.072306   -7.671340    0.208333    0.176262   -5.471175    0.250000    0.072201    8.482240
4.63 4.73    4.554925    0.041667    0.330299    4.106308    0.083333    0.179869    0.363389    0.125000    0.042451   -7.220307    0.166667    0.073035   -7.656911    0.208333    0.170257   -5.501375    0.250000    0.071962    8.493087
4.64 4.74    4.529028    0.041667    0.340573    4.120626    0.083333    0.173635    0.447788    0.125000    0.042406   -7.278544    0.166667    0.067720   -7.609571    0.208333    0.169803   -5.479134    0.250000    0.069941    8.574228
4.65 4.75    4.503541    0.041667    0.339305    4.120249    0.083333    0.180125    0.354158    0.125000    0.036070   -7.332485    0.166667    0.072229   -7.693869    0.208333    0.173129   -5.465058    0.250000    0.070364    8.607531
4.66 4.76    4.478459    0.041667    0.342542    4.104577    0.083333    0.180119    0.381999    0.125000    0.037553   -7.452766    0.166667    0.064744   -7.611956    0.208333    0.168557   -5.450878    0.250000    0.067249    8.576283
4.67 4.77    4.453778    0.041667    0.344192    4.128147    0.083333    0.179568    0.369174    0.125000    0.034682   -7.631578    0.166667    0.065590   -7.703565    0.208333    0.167369   -5.400963    0.250000    0.067510    8.663764
4.68 4.78    4.429494    0.041667    0.343816    4.112117    0.083333    0.173670    0.334957    0.125000    0.029456   -7.630249    0.166667    0.061608   -7.726990    0.208333    0.151944   -5.386533    0.250000    0.069841    8.664504
4.69 4.79    4.405603    0.041667    0.343477    4.103189    0.083333    0.163832    0.383965    0.125000    0.032811   -7.535116    0.166667    0.067276   -7.766187    0.208333    0.150121   -5.399670    0.250000    0.068642    8.649013
4.70 4.80    4.382100    0.041667    0.338869    4.102376    0.083333    0.179274    0.324788    0.125000    0.040882   -7.625285    0.166667    0.062809   -7.703441    0.208333    0.144890   -5.389934    0.250000    0.070530    8.617304
4.71 4.81    4.358981    0.041667    0.334415    4.120209    0.083333    0.175707    0.381150    0.125000    0.042827   -7.608926    0.166667    0.069418   -7.794642    0.208333    0.145269   -5.338775    0.250000    0.066572    8.543410
4.72 4.82    4.336242    0.041667    0.336387    4.113848    0.083333    0.176942    0.430478    0.125000    0.046290   -7.719027    0.166667    0.068526   -7.903754    0.208333    0.140319   -5.325702    0.250000    0.066945    8.482234
4.73 4.83    4.313878    0.041667    0.344004    4.114410    0.083333    0.179014    0.354442    0.125000    0.045100   -7.752517    0.166667    0.067579   -7.918239    0.208333    0.141943   -5.314497    0.250000    0.068036    8.558996
4.74 4.84    4.291885    0.041667    0.340999    4.105857    0.083333    0.191231    0.320583    0.125000    0.045646   -7.838634    0.166667    0.061535   -7.947245    0.208333    0.141927   -5.283224    0.250000    0.066744    8.493043
4.75 4.85    4.270258    0.041667    0.340414    4.104605    0.083333    0.192633    0.320411    0.125000    0.054585   -7.919984    0.166667    0.063831   -7.970449    0.208333    0.136014   -5.228766    0.250000    0.067278    8.393211
4.76 4.86    4.248994    0.041667    0.338943    4.095582    0.083333    0.181385    0.289418    0.125000    0.048317   -7.956941    0.166667    0.069861   -8.057984    0.208333    0.133846   -5.205303    0.250000    0.070048    8.496310
4.77 4.87    4.228087    0.041667    0.332513    4.065536    0.083333    0.182038    0.286435    0.125000    0.051150   -7.957458    0.166667    0.066518   -8.042178    0.208333    0.131447   -5.231165    0.250000    0.067173    8.445587
4.78 4.88    4.207533    0.041667    0.333699    4.075941    0.083333    0.182908    0.281847    0.125000    0.060634   -8.112654    0.166667    0.071282   -8.036669    0.208333    0.139319   -5.247705    0.250000    0.061522    8.281475
4.79 4.89    4.187329    0.041667    0.333125    4.076567    0.083333    0.181361    0.300242    0.125000    0.062391   -8.089392    0.166667    0.070869   -8.100407    0.208333    0.133087   -5.244331    0.250000    0.061258    8.315229
4.80 4.90    4.167468    0.041667    0.335067    4.075500    0.083333    0.181222    0.331804    0.125000    0.066928   -8.187323    0.166667    0.071588   -8.079530    0.208333    0.130868   -5.213713    0.250000    0.058151    8.310530
4.81 4.91    4.147947    0.041667    0.343052    4.066513    0.083333    0.184005    0.292389    0.125000    0.071079   -8.234474    0.166667    0.067042   -8.092981    0.208333    0.135270   -5.187418    0.250000    0.054235    8.264586
4.82 4.92    4.128762    0.041667    0.341854    4.046317    0.083333    0.188002    0.268409    0.125000    0.071388   -8.355227    0.166667    0.066650   -8.052828    0.208333    0.138320   -5.165276    0.250000    0.052072    8.356054
4.83 4.93    4.109907    0.041667    0.346445    4.041321    0.083333    0.194810    0.242036    0.125000    0.076060   -8.401713    0.166667    0.066488   -8.146004    0.208333    0.136806   -5.092160    0.250000    0.049062    8.176228
4.84 4.94    4.091379    0.041667    0.342779    4.003467    0.083333    0.183130    0.202473    0.125000    0.072010   -8.504423    0.166667    0.072139   -8.181522    0.208333    0.130204   -5.098182    0.250000    0.045467    8.244738
4.85 4.95    4.073173    0.041667    0.342917    4.000508    0.083333    0.181152    0.197903    0.125000    0.069960   -8.494236    0.166667    0.064631   -8.244864    0.208333    0.126954   -5.111046    0.250000    0.046196    8.259265
4.86 4.96    4.055285    0.041667    0.336666    3.993631    0.083333    0.186494    0.232824    0.125000    0.076608   -8.413115    0.166667    0.070336   -8.246907    0.208333    0.125203   -5.096065    0.250000    0.047784    8.113016
4.87 4.97    4.037710    0.041667    0.343341    3.993920    0.083333    0.187000    0.245678    0.125000    0.077430   -8.422090    0.166667    0.072534   -8.296461    0.208333    0.119514   -5.062280    0.250000    0.052155    8.122320
4.88 4.98    4.020444    0.041667    0.339457    3.970393    0.083333    0.190880    0.288123    0.125000    0.072001   -8.379215    0.166667    0.069347   -8.372753    0.208333    0.110764   -5.043519    0.250000    0.053913    8.240608
4.89 4.99    4.003483    0.041667    0.335327    3.963195    0.083333    0.198852    0.226729    0.125000    0.074600   -8.537711    0.166667    0.065933   -8.333076    0.208333    0.112884   -5.026710    0.250000    0.054510    8.269802
4.90 5.00    3.986822    0.041667    0.333168    3.953386    0.083333    0.202164    0.242520    0.125000    0.077668   -8.524488    0.166667    0.063588   -8.457954    0.208333    0.110555   -5.013790    0.250000    0.054881    8.115770
4.91 5.01    3.970457    0.041667    0.326499    3.919910    0.083333    0.191431    0.235868    0.125000    0.075711   -8.598947    0.166667    0.068324   -8.513305    0.208333    0.105371   -5.005975    0.250000    0.055852    8.251006
4.92 5.02    3.954383    0.041667    0.324672    3.905761    0.083333    0.195209    0.220507    0.125000    0.076765   -8.485898    0.166667    0.068940   -8.604373    0.208333    0.094078   -5.033367    0.250000    0.058260    8.151488
4.93 5.03    3.938597    0.041667    0.313326    3.867521    0.083333    0.186541    0.241873    0.125000    0.079128   -8.455934    0.166667    0.069957   -8.553548    0.208333    0.090161   -5.119562    0.250000    0.064330    8.177665
4.94 5.04    3.923093    0.041667    0.310232    3.890843    0.083333    0.190618    0.293369    0.125000    0.086343   -8.397117    0.166667    0.066118   -8.609259    0.208333    0.089969   -5.136161    0.250000    0.067858    8.149866
4.95 5.05    3.907869    0.041667    0.307074    3.876240    0.083333    0.193325    0.309779    0.125000    0.084249   -8.487131    0.166667    0.064528   -8.580779    0.208333    0.088342   -5.164473    0.250000    0.066991    8.202010
4.96 5.06    3.892919    0.041667    0.305449    3.884441    0.083333    0.196403    0.282895    0.125000    0.086135   -8.571383    0.166667    0.056158   -8.588561    0.208333    0.087924   -5.141086    0.250000    0.068993    8.288413
4.97 5.07    3.878240    0.041667    0.302061    3.870303    0.083333    0.205558    0.237421    0.125000    0.086927   -8.620392    0.166667    0.051177   -8.714996    0.208333    0.084567   -5.136725    0.250000    0.067244    8.253860
4.98 5.08    3.863828    0.041667    0.303626    3.846715    0.083333    0.192452    0.234387    0.125000    0.087799   -8.686388    0.166667    0.047824   -8.735250    0.208333    0.082031   -5.159348    0.250000    0.064648    8.235446
4.99 5.09    3.849677    0.041667    0.303981    3.829176    0.083333    0.190587    0.220301    0.125000    0.088868   -8.642178    0.166667    0.052815   -8.835925    0.208333    0.075704   -5.169634    0.250000    0.068007    8.217379
5.00 5.10    3.835785    0.041667    0.301962    3.813987    0.083333    0.181301    0.204278    0.125000    0.089035   -8.634606    0.166667    0.052819   -8.807133    0.208333    0.070958   -5.239021    0.250000    0.070250    8.198466
5.01 5.11    3.822147    0.041667    0.303681    3.831107    0.083333    0.191693    0.212788    0.125000    0.094977   -8.618736    0.166667    0.046664   -8.935059    0.208333    0.064684   -5.264310    0.250000    0.071292    8.158484
5.02 5.12    3.808760    0.041667    0.302918    3.824506    0.083333    0.190225    0.216488    0.125000    0.098750   -8.680217    0.166667    0.040237   -8.946280    0.208333    0.064694   -5.267086    0.250000    0.071229    8.179562
5.03 5.13    3.795619    0.041667    0.305688    3.838751    0.083333    0.194049    0.207896    0.125000    0.102150   -8.717576    0.166667    0.035816   -8.989012    0.208333    0.059429   -5.218240    0.250000    0.063991    8.125045
5.04 5.14    3.782720    0.041667    0.307348    3.810810    0.083333    0.190752    0.141827    0.125000    0.102414   -8.798403    0.166667    0.039142   -9.053699    0.208333    0.054684   -5.197357    0.250000    0.066316    8.072241
5.05 5.15    3.770060    0.041667    0.308492    3.784280    0.083333    0.188070    0.105067    0.125000    0.107421   -8.813367    0.166667    0.042924   -9.125016    0.208333    0.051087   -5.175181    0.250000    0.063806    7.981717
5.06 5.16    3.757634    0.041667    0.307844    3.763323    0.083333    0.185162    0.115232    0.125000    0.114753   -8.795694    0.166667    0.049227   -9.242669    0.208333    0.044509   -5.181398    0.250000    0.065800    7.860151
5.07 5.17    3.745439    0.041667    0.303807    3.760105    0.083333    0.176579    0.121122    0.125000    0.120036   -8.785634    0.166667    0.053187   -9.177809    0.208333    0.042050   -5.196179    0.250000    0.064322    7.897382
5.08 5.18    3.733472    0.041667    0.301205    3.776030    0.083333    0.187134    0.124925    0.125000    0.127168   -8.756116    0.166667    0.052233   -9.211468    0.208333    0.038678   -5.243869    0.250000    0.067853    7.919845
5.09 5.19    3.721728    0.041667    0.298944    3.776028    0.083333    0.189053    0.113648    0.125000    0.131925   -8.782280    0.166667    0.048892   -9.159969    0.208333    0.034941   -5.089652    0.250000    0.066712    7.842073
5.10 5.20    3.710203    0.041667    0.303573    3.756400    0.083333    0.192327    0.085252    0.125000    0.135983   -8.841390    0.166667    0.050067   -9.236754    0.208333    0.034069   -4.974746    0.250000    0.063637    7.884801
5.11 5.21    3.698895    0.041667    0.302207    3.729650    0.083333    0.193044    0.028413    0.125000    0.136420   -8.892179    0.166667    0.056608   -9.204552    0.208333    0.036075   -4.924693    0.250000    0.061057    7.843533
5.12 5.22    3.687800    0.041667    0.301322    3.715245    0.083333    0.190687    0.014415    0.125000    0.140794   -8.891230    0.166667    0.058381   -9.204805    0.208333    0.032866   -4.811744    0.250000    0.063797    7.818822
5.13 5.23    3.676913    0.041667    0.304702    3.713326    0.083333    0.186826    0.011653    0.125000    0.145681   -8.897981    0.166667    0.060441   -9.280934    0.208333    0.033287   -4.802517    0.250000    0.062257    7.892917
5.14 5.24    3.666232    0.041667    0.300396    3.718388    0.083333    0.194788    0.020042    0.125000    0.154139   -8.851917    0.166667    0.057254   -9.353951    0.208333    0.029608   -4.705391    0.250000    0.059391    7.943200
5.15 5.25    3.655752    0.041667    0.298258    3.722722    0.083333    0.198931    0.018812    0.125000    0.159755   -8.841701    0.166667    0.055736   -9.440352    0.208333    0.027672   -4.527121    0.250000    0.061244    7.912699
5.16 5.26    3.645472    0.041667    0.305287    3.711555    0.083333    0.202266   -0.012262    0.125000    0.157101   -8.857919    0.166667    0.054864   -9.471390    0.208333    0.027957   -4.412467    0.250000    0.059541    7.949572
5.17 5.27    3.635386    0.041667    0.305230    3.688372    0.083333    0.199975   -0.031741    0.125000    0.159278   -8.877929    0.166667    0.056098   -9.452944    0.208333    0.027293   -4.381261    0.250000    0.057073    7.950709
5.18 5.28    3.625492    0.041667    0.299482    3.667099    0.083333    0.201230   -0.055876    0.125000    0.163061   -8.874656    0.166667    0.060750   -9.498656    0.208333    0.025324   -4.201889    0.250000    0.060659    7.942118
5.19 5.29    3.615787    0.041667    0.300605    3.669204    0.083333    0.199524   -0.029186    0.125000    0.167525   -8.860913    0.166667    0.064893   -9.638891    0.208333    0.021305   -4.178454    0.250000    0.058646    7.972869
5.20 5.30    3.606267    0.041667    0.295991    3.677367    0.083333    0.202364   -0.021184    0.125000    0.170561   -8.826957    0.166667    0.064400   -9.618863    0.208333    0.021920   -4.254756    0.250000    0.058563    7.995928
5.21 5.31    3.596929    0.041667    0.297873    3.672400    0.083333    0.211005    0.012723    0.125000    0.177429   -8.804116    0.166667    0.063325   -9.778019    0.208333    0.016473   -3.938091    0.250000    0.059984    7.962486
5.22 5.32    3.587771    0.041667    0.298804    3.662431    0.083333    0.206775   -0.003695    0.125000    0.176206   -8.817333    0.166667    0.068040   -9.826235    0.208333    0.014826   -3.808043    0.250000    0.055178    7.953959
5.23 5.33    3.578787    0.041667    0.295964    3.634008    0.083333    0.215166   -0.020583    0.125000    0.182384   -8.818424    0.166667    0.069806   -9.875379    0.208333    0.011725   -3.539969    0.250000    0.059690    7.935812
5.24 5.34    3.569977    0.041667    0.296538    3.625981    0.083333    0.208394   -0.003524    0.125000    0.177027   -8.799387    0.166667    0.069211   -9.846886    0.208333    0.011286   -3.235808    0.250000    0.057488    7.870623
5.25 5.35    3.561336    0.041667    0.299069    3.618740    0.083333    0.209937   -0.007337    0.125000    0.180760   -8.802566    0.166667    0.066815   -9.873297    0.208333    0.011768   -3.283891    0.250000    0.055888    7.911185
5.26 5.36    3.552862    0.041667    0.294306    3.629444    0.083333    0.214524    0.002516    0.125000    0.183487   -8.802223    0.166667    0.066795   -9.963664    0.208333    0.009565   -2.830900    0.250000    0.054368    7.838242
5.27 5.37    3.544552    0.041667    0.298738    3.614883    0.083333    0.217356   -0.011543    0.125000    0.184433   -8.810525    0.166667    0.070408  -10.046291    0.208333    0.013679   -2.839552    0.250000    0.058468    7.794301
5.28 5.38    3.536402    0.041667    0.302006    3.609214    0.083333    0.217823   -0.031461    0.125000    0.184895   -8.817115    0.166667    0.071073  -10.082781    0.208333    0.011310   -2.752490    0.250000    0.052807    7.729889
5.29 5.39    3.528410    0.041667    0.302274    3.589680    0.083333    0.214796   -0.039323    0.125000    0.183165   -8.830416    0.166667    0.072647  -10.093746    0.208333    0.012135   -2.444942    0.250000    0.052522    7.762424
5.30 5.40    3.520574    0.041667    0.301778    3.587627    0.083333    0.215042   -0.054947    0.125000    0.182884   -8.827413    0.166667    0.075379  -10.173682    0.208333    0.013312   -2.308735    0.250000    0.054386    7.721148
5.31 5.41    3.512889    0.041667    0.299805    3.590044    0.083333    0.217205   -0.077909    0.125000    0.183945   -8.829370    0.166667    0.073761  -10.166741    0.208333    0.013534   -2.273329    0.250000    0.052993    7.713933
5.32 5.42    3.505354    0.041667    0.303515    3.573716    0.083333    0.216481   -0.075137    0.125000    0.184847   -8.834528    0.166667    0.074895  -10.185741    0.208333    0.014978   -2.206224    0.250000    0.053208    7.713032
5.33 5.43    3.497966    0.041667    0.305843    3.563306    0.083333    0.215883   -0.071680    0.125000    0.182505   -8.828927    0.166667    0.074457  -10.224772    0.208333    0.017412   -2.146251    0.250000    0.052716    7.708024
5.34 5.44    3.490723    0.041667    0.304618    3.562671    0.083333    0.221112   -0.075633    0.125000    0.186295   -8.846589    0.166667    0.077227  -10.275779    0.208333    0.018412   -2.046609    0.250000    0.053446    7.761145
5.35 5.45    3.483620    0.041667    0.304098    3.561605    0.083333    0.220326   -0.082802    0.125000    0.183140   -8.854045    0.166667    0.079011  -10.293797    0.208333    0.021059   -1.791439    0.250000    0.052679    7.769453
5.36 5.46    3.476657    0.041667    0.310407    3.546281    0.083333    0.223315   -0.096100    0.125000    0.187447   -8.873965    0.166667    0.079519  -10.313548    0.208333    0.021442   -1.942331    0.250000    0.051174    7.760008
5.37 5.47    3.469830    0.041667    0.311452    3.545104    0.083333    0.219097   -0.085202    0.125000    0.187720   -8.876126    0.166667    0.082406  -10.351066    0.208333    0.021254   -1.743427    0.250000    0.048838    7.731803
5.38 5.48    3.463137    0.041667    0.314686    3.547521    0.083333    0.224770   -0.091201    0.125000    0.191605   -8.879765    0.166667    0.082731  -10.394835    0.208333    0.025286   -1.939434    0.250000    0.048696    7.795516
5.39 5.49    3.456576    0.041667    0.316278    3.556699    0.083333    0.223467   -0.105346    0.125000    0.192438   -8.862857    0.166667    0.082933  -10.466533    0.208333    0.024233   -1.924732    0.250000    0.048728    7.720075
5.40 5.50    3.450143    0.041667    0.322104    3.555140    0.083333    0.231310   -0.093146    0.125000    0.194129   -8.883228    0.166667    0.084034  -10.496677    0.208333    0.029582   -1.953701    0.250000    0.045032    7.709999
5.41 5.51    3.443837    0.041667    0.327261    3.542197    0.083333    0.217424   -0.103111    0.125000    0.195465   -8.882452    0.166667    0.089185  -10.486226    0.208333    0.026620   -1.927721    0.250000    0.042359    7.749680
5.42 5.52    3.437656    0.041667    0.325728    3.553058    0.083333    0.227921   -0.097596    0.125000    0.200248   -8.886699    0.166667    0.090121  -10.538080    0.208333    0.028301   -1.992495    0.250000    0.040148    7.818686
5.43 5.53    3.431596    0.041667    0.325496    3.572594    0.083333    0.222710   -0.106698    0.125000    0.200765   -8.886392    0.166667    0.093762  -10.541487    0.208333    0.027011   -1.991924    0.250000    0.035415    7.780242
5.44 5.54    3.425656    0.041667    0.333217    3.566667    0.083333    0.232223   -0.116119    0.125000    0.203096   -8.910475    0.166667    0.093980  -10.570971    0.208333    0.028368   -2.126465    0.250000    0.035601    7.764307
5.45 5.55    3.419833    0.041667    0.338194    3.549518    0.083333    0.221978   -0.130449    0.125000    0.206620   -8.927145    0.166667    0.099866  -10.572925    0.208333    0.029297   -2.147422    0.250000    0.033471    7.758444
5.46 5.56    3.414126    0.041667    0.334009    3.553153    0.083333    0.220431   -0.137744    0.125000    0.207682   -8.934067    0.166667    0.102616  -10.589969    0.208333    0.030495   -2.191001    0.250000    0.031425    7.939507
5.47 5.57    3.408532    0.041667    0.334072    3.567112    0.083333    0.226725   -0.141778    0.125000    0.211588   -8.927611    0.166667    0.104444  -10.621517    0.208333    0.035368   -2.266953    0.250000    0.027754    7.936366
5.48 5.58    3.403049    0.041667    0.339655    3.561369    0.083333    0.223660   -0.143855    0.125000    0.213394   -8.948689    0.166667    0.106580  -10.633642    0.208333    0.035986   -2.357381    0.250000    0.020953    7.827939
5.49 5.59    3.397674    0.041667    0.344827    3.543742    0.083333    0.225448   -0.156052    0.125000    0.218762   -8.986188    0.166667    0.114533  -10.622283    0.208333    0.040292   -2.388791    0.250000    0.017840    7.993096
5.50 5.60    3.392407    0.041667    0.343759    3.524577    0.083333    0.220189   -0.176195    0.125000    0.222637   -8.978090    0.166667    0.117095  -10.632820    0.208333    0.042092   -2.412175    0.250000    0.013202    8.061781
5.51 5.61    3.387244    0.041667    0.344288    3.537387    0.083333    0.235378   -0.155835    0.125000    0.225625   -8.989743    0.166667    0.116368  -10.671331    0.208333    0.049982   -2.420686    0.250000    0.011113    8.227037
5.52 5.62    3.382184    0.041667    0.349228    3.517082    0.083333    0.230628   -0.170138    0.125000    0.227151   -8.998433    0.166667    0.122750  -10.683403    0.208333    0.052913   -2.419990    0.250000    0.008925    7.946503
5.53 5.63    3.377225    0.041667    0.347802    3.510823    0.083333    0.236892   -0.192667    0.125000    0.229532   -9.007055    0.166667    0.125283  -10.678361    0.208333    0.055177   -2.432311    0.250000    0.007744    7.982858
5.54 5.64    3.372365    0.041667    0.349359    3.511252    0.083333    0.235392   -0.191980    0.125000    0.231875   -8.998705    0.166667    0.130638  -10.685995    0.208333    0.058639   -2.418774    0.250000    0.003415    7.266254
5.55 5.65    3.367602    0.041667    0.350579    3.509720    0.083333    0.245524   -0.193438    0.125000    0.234457   -8.992087    0.166667    0.132169  -10.721807    0.208333    0.065580   -2.441567    0.250000    0.003042    6.763105
5.56 5.66    3.362934    0.041667    0.353426    3.500281    0.083333    0.244363   -0.200337    0.125000    0.235788   -8.988071    0.166667    0.137238  -10.726178    0.208333    0.066747   -2.424689    0.250000    0.006922    6.344007
5.57 5.67    3.358359    0.041667    0.355607    3.492298    0.083333    0.248566   -0.197492    0.125000    0.238578   -8.992844    0.166667    0.138220  -10.738646    0.208333    0.069941   -2.406876    0.250000    0.007823    6.310052
5.58 5.68    3.353876    0.041667    0.358006    3.485270    0.083333    0.250122   -0.193393    0.125000    0.240139   -8.986654    0.166667    0.143394  -10.758595    0.208333    0.070117   -2.384618    0.250000    0.010503    6.415411
5.59 5.69    3.349483    0.041667    0.359131    3.482270    0.083333    0.251450   -0.200170    0.125000    0.239660   -8.980224    0.166667    0.143634  -10.766984    0.208333    0.071600   -2.407912    0.250000    0.014111    6.422299
5.60 5.70    3.345177    0.041667    0.361447    3.487143    0.083333    0.255475   -0.194998    0.125000    0.240244   -8.980291    0.166667    0.148805  -10.777261    0.208333    0.073806   -2.404112    0.250000    0.017145    6.311063
5.61 5.71    3.340958    0.041667    0.366851    3.463785    0.083333    0.247078   -0.216496    0.125000    0.241646   -8.981599    0.166667    0.158312  -10.789425    0.208333    0.074861   -2.398073    0.250000    0.021715    6.271919
5.62 5.72    3.336824    0.041667    0.366663    3.471959    0.083333    0.249707   -0.206333    0.125000    0.240611   -8.971924    0.166667    0.162433  -10.800282    0.208333    0.077337   -2.383421    0.250000    0.023671    6.183921
5.63 5.73    3.332773    0.041667    0.374142    3.458317    0.083333    0.246144   -0.207062    0.125000    0.241285   -8.975866    0.166667    0.168415  -10.821253    0.208333    0.079251   -2.419203    0.250000    0.030205    6.127660
5.64 5.74    3.328804    0.041667    0.376676    3.445690    0.083333    0.242148   -0.213111    0.125000    0.240107   -8.969550    0.166667    0.172762  -10.842037    0.208333    0.079101   -2.436141    0.250000    0.032499    6.112811
5.65 5.75    3.324914    0.041667    0.380235    3.437517    0.083333    0.235135   -0.210371    0.125000    0.238279   -8.956619    0.166667    0.176397  -10.857649    0.208333    0.077389   -2.435865    0.250000    0.037282    6.024117
5.66 5.76    3.321102    0.041667    0.383896    3.429709    0.083333    0.229941   -0.217579    0.125000    0.236673   -8.944017    0.166667    0.178091  -10.884120    0.208333    0.075340   -2.450302    0.250000    0.040483    6.011126
5.67 5.77    3.317368    0.041667    0.391571    3.414049    0.083333    0.216256   -0.228945    0.125000    0.231963   -8.917927    0.166667    0.179256  -10.882440    0.208333    0.064916   -2.546683    0.250000    0.047620    5.973150
5.68 5.78    3.313708    0.041667    0.401879    3.375791    0.083333    0.188911   -0.310632    0.125000    0.239213   -8.960852    0.166667    0.196095  -10.925114    0.208333    0.081280   -2.532458    0.250000    0.054775    5.825719
5.69 5.79    3.310123    0.041667    0.395912    3.397385    0.083333    0.234266   -0.236328    0.125000    0.246308   -8.956436    0.166667    0.202575  -10.983846    0.208333    0.098743   -2.586143    0.250000    0.054825    5.827357
5.70 5.80    3.306610    0.041667    0.395683    3.406693    0.083333    0.216000   -0.264552    0.125000    0.241533   -8.921838    0.166667    0.211710  -10.989589    0.208333    0.102411   -2.539330    0.250000    0.057368    5.669305
5.71 5.81    3.303167    0.041667    0.388421    3.464651    0.083333    0.241071   -0.199179    0.125000    0.238599   -8.889868    0.166667    0.218600  -10.887630    0.208333    0.110713   -2.378583    0.250000    0.051098    5.639154
5.72 5.82    3.299795    0.041667    0.405048    3.505860    0.083333    0.266254   -0.152937    0.125000    0.234731   -8.868836    0.166667    0.192780  -10.914509    0.208333    0.097734   -2.354676    0.250000    0.058658    5.783622
5.73 5.83    3.296490    0.041667    0.430976    3.478255    0.083333    0.297971   -0.148053    0.125000    0.251917   -8.942054    0.166667    0.178314  -10.979010    0.208333    0.100485   -2.434396    0.250000    0.052759    5.617974
5.74 5.84    3.293253    0.041667    0.434712    3.483703    0.083333    0.303957   -0.145640    0.125000    0.253730   -8.944563    0.166667    0.177473  -10.983367    0.208333    0.102418   -2.428893    0.250000    0.053754    5.596001
5.75 5.85    3.290081    0.041667    0.438539    3.492143    0.083333    0.316113   -0.141292    0.125000    0.256150   -8.950808    0.166667    0.176618  -10.983738    0.208333    0.105662   -2.426768    0.250000    0.053177    5.577591
5.76 5.86    3.286973    0.041667    0.445524    3.504481    0.083333    0.332849   -0.128291    0.125000    0.260210   -8.958448    0.166667    0.176511  -10.982962    0.208333    0.112470   -2.415397    0.250000    0.054861    5.520461
5.77 5.87    3.283928    0.041667    0.453172    3.533321    0.083333    0.373330   -0.115079    0.125000    0.271634   -8.987557    0.166667    0.178330  -11.016390    0.208333    0.135664   -2.357123    0.250000    0.052035    5.394887
5.78 5.88    3.280945    0.041667    0.460038    3.628865    0.083333    0.471181   -0.051788    0.125000    0.266732   -8.930408    0.166667    0.146891  -10.978047    0.208333    0.125094   -2.308866    0.250000    0.038325    5.358182
5.79 5.89    3.278023    0.041667    0.492256    3.621473    0.083333    0.421642   -0.052063    0.125000    0.256964   -8.926498    0.166667    0.123709  -10.802966    0.208333    0.101975   -2.040608    0.250000    0.043346    5.202390
5.80 5.90    3.275160    0.041667    0.530792    3.643602    0.083333    0.545999   -0.012166    0.125000    0.279684   -9.031067    0.166667    0.076920  -10.603399    0.208333    0.089876   -2.005908    0.250000    0.026077    5.794446
